name L N N_p dt T num_threads total_time ave_time
ppm_omp 100 128 800 0.1 10 1 0.00192308 0.000192308
ppm_omp 100 128 1600 0.1 10 1 0.00199103 0.000199103
ppm_omp 100 128 3200 0.1 10 1 0.00213313 0.000213313
ppm_omp 100 128 6400 0.1 10 1 0.00266004 0.000266004
ppm_omp 100 128 12800 0.1 10 1 0.00428295 0.000428295
ppm_omp 100 128 800 0.1 10 2 0.00206709 0.000206709
ppm_omp 100 128 1600 0.1 10 2 0.00226092 0.000226092
ppm_omp 100 128 3200 0.1 10 2 0.00239587 0.000239587
ppm_omp 100 128 6400 0.1 10 2 0.00294113 0.000294113
ppm_omp 100 128 12800 0.1 10 2 0.004251 0.0004251
ppm_omp 100 128 800 0.1 10 3 0.00222993 0.000222993
ppm_omp 100 128 1600 0.1 10 3 0.00215602 0.000215602
ppm_omp 100 128 3200 0.1 10 3 0.00258589 0.000258589
ppm_omp 100 128 6400 0.1 10 3 0.00302505 0.000302505
ppm_omp 100 128 12800 0.1 10 3 0.00407505 0.000407505
ppm_omp 100 128 800 0.1 10 4 0.00218892 0.000218892
ppm_omp 100 128 1600 0.1 10 4 0.00226593 0.000226593
ppm_omp 100 128 3200 0.1 10 4 0.00249004 0.000249004
ppm_omp 100 128 6400 0.1 10 4 0.00290895 0.000290895
ppm_omp 100 128 12800 0.1 10 4 0.00423884 0.000423884
ppm_omp 100 128 800 0.1 10 5 0.00212193 0.000212193
ppm_omp 100 128 1600 0.1 10 5 0.00230408 0.000230408
ppm_omp 100 128 3200 0.1 10 5 0.00245214 0.000245214
ppm_omp 100 128 6400 0.1 10 5 0.00292087 0.000292087
ppm_omp 100 128 12800 0.1 10 5 0.00451279 0.000451279
ppm_omp 100 128 800 0.1 10 6 0.00206113 0.000206113
ppm_omp 100 128 1600 0.1 10 6 0.00230718 0.000230718
ppm_omp 100 128 3200 0.1 10 6 0.00234604 0.000234604
ppm_omp 100 128 6400 0.1 10 6 0.00282383 0.000282383
ppm_omp 100 128 12800 0.1 10 6 0.00421405 0.000421405
ppm_omp 100 128 800 0.1 10 7 0.00209093 0.000209093
ppm_omp 100 128 1600 0.1 10 7 0.00228381 0.000228381
ppm_omp 100 128 3200 0.1 10 7 0.00234509 0.000234509
ppm_omp 100 128 6400 0.1 10 7 0.00290298 0.000290298
ppm_omp 100 128 12800 0.1 10 7 0.00447798 0.000447798
ppm_omp 100 128 800 0.1 10 8 0.00214314 0.000214314
ppm_omp 100 128 1600 0.1 10 8 0.00218201 0.000218201
ppm_omp 100 128 3200 0.1 10 8 0.00235701 0.000235701
ppm_omp 100 128 6400 0.1 10 8 0.0030489 0.00030489
ppm_omp 100 128 12800 0.1 10 8 0.00427198 0.000427198
ppm_omp 100 128 800 0.1 10 12 0.0023582 0.00023582
ppm_omp 100 128 1600 0.1 10 12 0.00286603 0.000286603
ppm_omp 100 128 3200 0.1 10 12 0.00244117 0.000244117
ppm_omp 100 128 6400 0.1 10 12 0.00294089 0.000294089
ppm_omp 100 128 12800 0.1 10 12 0.00451899 0.000451899
ppm_omp 100 128 800 0.1 10 16 0.00375199 0.000375199
ppm_omp 100 128 1600 0.1 10 16 0.00370193 0.000370193
ppm_omp 100 128 3200 0.1 10 16 0.0038538 0.00038538
ppm_omp 100 128 6400 0.1 10 16 0.00314212 0.000314212
ppm_omp 100 128 12800 0.1 10 16 0.00545406 0.000545406
ppm_omp 100 128 800 0.1 10 20 0.00240684 0.000240684
ppm_omp 100 128 1600 0.1 10 20 0.00270414 0.000270414
ppm_omp 100 128 3200 0.1 10 20 0.00269294 0.000269294
ppm_omp 100 128 6400 0.1 10 20 0.00329709 0.000329709
ppm_omp 100 128 12800 0.1 10 20 0.00547194 0.000547194
ppm_omp 100 128 800 0.1 10 24 0.003824 0.0003824
ppm_omp 100 128 1600 0.1 10 24 0.00296116 0.000296116
ppm_omp 100 128 3200 0.1 10 24 0.00293517 0.000293517
ppm_omp 100 128 6400 0.1 10 24 0.00415516 0.000415516
ppm_omp 100 128 12800 0.1 10 24 0.00563502 0.000563502
ppm_omp 100 256 800 0.1 10 1 0.00890112 0.000890112
ppm_omp 100 256 1600 0.1 10 1 0.00889492 0.000889492
ppm_omp 100 256 3200 0.1 10 1 0.0090661 0.00090661
ppm_omp 100 256 6400 0.1 10 1 0.00968003 0.000968003
ppm_omp 100 256 12800 0.1 10 1 0.010896 0.0010896
ppm_omp 100 256 800 0.1 10 2 0.00889611 0.000889611
ppm_omp 100 256 1600 0.1 10 2 0.00908709 0.000908709
ppm_omp 100 256 3200 0.1 10 2 0.00987387 0.000987387
ppm_omp 100 256 6400 0.1 10 2 0.010479 0.0010479
ppm_omp 100 256 12800 0.1 10 2 0.011101 0.0011101
ppm_omp 100 256 800 0.1 10 3 0.00795412 0.000795412
ppm_omp 100 256 1600 0.1 10 3 0.00794196 0.000794196
ppm_omp 100 256 3200 0.1 10 3 0.0082798 0.00082798
ppm_omp 100 256 6400 0.1 10 3 0.00884295 0.000884295
ppm_omp 100 256 12800 0.1 10 3 0.0102038 0.00102038
ppm_omp 100 256 800 0.1 10 4 0.00718522 0.000718522
ppm_omp 100 256 1600 0.1 10 4 0.007236 0.0007236
ppm_omp 100 256 3200 0.1 10 4 0.00753903 0.000753903
ppm_omp 100 256 6400 0.1 10 4 0.00806999 0.000806999
ppm_omp 100 256 12800 0.1 10 4 0.00940084 0.000940084
ppm_omp 100 256 800 0.1 10 5 0.00704598 0.000704598
ppm_omp 100 256 1600 0.1 10 5 0.00678611 0.000678611
ppm_omp 100 256 3200 0.1 10 5 0.00706887 0.000706887
ppm_omp 100 256 6400 0.1 10 5 0.00788093 0.000788093
ppm_omp 100 256 12800 0.1 10 5 0.00884509 0.000884509
ppm_omp 100 256 800 0.1 10 6 0.00696206 0.000696206
ppm_omp 100 256 1600 0.1 10 6 0.00678396 0.000678396
ppm_omp 100 256 3200 0.1 10 6 0.00700307 0.000700307
ppm_omp 100 256 6400 0.1 10 6 0.00768209 0.000768209
ppm_omp 100 256 12800 0.1 10 6 0.00885201 0.000885201
ppm_omp 100 256 800 0.1 10 7 0.00682092 0.000682092
ppm_omp 100 256 1600 0.1 10 7 0.00699401 0.000699401
ppm_omp 100 256 3200 0.1 10 7 0.00716305 0.000716305
ppm_omp 100 256 6400 0.1 10 7 0.00771403 0.000771403
ppm_omp 100 256 12800 0.1 10 7 0.00870204 0.000870204
ppm_omp 100 256 800 0.1 10 8 0.00667095 0.000667095
ppm_omp 100 256 1600 0.1 10 8 0.00673699 0.000673699
ppm_omp 100 256 3200 0.1 10 8 0.00685501 0.000685501
ppm_omp 100 256 6400 0.1 10 8 0.0076251 0.00076251
ppm_omp 100 256 12800 0.1 10 8 0.0088501 0.00088501
ppm_omp 100 256 800 0.1 10 12 0.00696182 0.000696182
ppm_omp 100 256 1600 0.1 10 12 0.00728106 0.000728106
ppm_omp 100 256 3200 0.1 10 12 0.00728893 0.000728893
ppm_omp 100 256 6400 0.1 10 12 0.00802708 0.000802708
ppm_omp 100 256 12800 0.1 10 12 0.00931478 0.000931478
ppm_omp 100 256 800 0.1 10 16 0.0072391 0.00072391
ppm_omp 100 256 1600 0.1 10 16 0.00745583 0.000745583
ppm_omp 100 256 3200 0.1 10 16 0.00766087 0.000766087
ppm_omp 100 256 6400 0.1 10 16 0.00812101 0.000812101
ppm_omp 100 256 12800 0.1 10 16 0.00939608 0.000939608
ppm_omp 100 256 800 0.1 10 20 0.00806904 0.000806904
ppm_omp 100 256 1600 0.1 10 20 0.00909495 0.000909495
ppm_omp 100 256 3200 0.1 10 20 0.00809598 0.000809598
ppm_omp 100 256 6400 0.1 10 20 0.00888109 0.000888109
ppm_omp 100 256 12800 0.1 10 20 0.0103641 0.00103641
ppm_omp 100 256 800 0.1 10 24 0.008111 0.0008111
ppm_omp 100 256 1600 0.1 10 24 0.00826597 0.000826597
ppm_omp 100 256 3200 0.1 10 24 0.00843692 0.000843692
ppm_omp 100 256 6400 0.1 10 24 0.0101211 0.00101211
ppm_omp 100 256 12800 0.1 10 24 0.010792 0.0010792
ppm_omp 100 512 800 0.1 10 1 0.0391171 0.00391171
ppm_omp 100 512 1600 0.1 10 1 0.0390308 0.00390308
ppm_omp 100 512 3200 0.1 10 1 0.0399411 0.00399411
ppm_omp 100 512 6400 0.1 10 1 0.039891 0.0039891
ppm_omp 100 512 12800 0.1 10 1 0.0411699 0.00411699
ppm_omp 100 512 800 0.1 10 2 0.039187 0.0039187
ppm_omp 100 512 1600 0.1 10 2 0.038898 0.0038898
ppm_omp 100 512 3200 0.1 10 2 0.038928 0.0038928
ppm_omp 100 512 6400 0.1 10 2 0.039649 0.0039649
ppm_omp 100 512 12800 0.1 10 2 0.0426829 0.00426829
ppm_omp 100 512 800 0.1 10 3 0.0301511 0.00301511
ppm_omp 100 512 1600 0.1 10 3 0.031256 0.0031256
ppm_omp 100 512 3200 0.1 10 3 0.0329261 0.00329261
ppm_omp 100 512 6400 0.1 10 3 0.03262 0.003262
ppm_omp 100 512 12800 0.1 10 3 0.0309181 0.00309181
ppm_omp 100 512 800 0.1 10 4 0.0269699 0.00269699
ppm_omp 100 512 1600 0.1 10 4 0.0276718 0.00276718
ppm_omp 100 512 3200 0.1 10 4 0.027422 0.0027422
ppm_omp 100 512 6400 0.1 10 4 0.0277669 0.00277669
ppm_omp 100 512 12800 0.1 10 4 0.0302761 0.00302761
ppm_omp 100 512 800 0.1 10 5 0.026356 0.0026356
ppm_omp 100 512 1600 0.1 10 5 0.025619 0.0025619
ppm_omp 100 512 3200 0.1 10 5 0.026 0.0026
ppm_omp 100 512 6400 0.1 10 5 0.0274651 0.00274651
ppm_omp 100 512 12800 0.1 10 5 0.0275891 0.00275891
ppm_omp 100 512 800 0.1 10 6 0.0266521 0.00266521
ppm_omp 100 512 1600 0.1 10 6 0.0271349 0.00271349
ppm_omp 100 512 3200 0.1 10 6 0.024709 0.0024709
ppm_omp 100 512 6400 0.1 10 6 0.0263481 0.00263481
ppm_omp 100 512 12800 0.1 10 6 0.0281889 0.00281889
ppm_omp 100 512 800 0.1 10 7 0.0237849 0.00237849
ppm_omp 100 512 1600 0.1 10 7 0.0247731 0.00247731
ppm_omp 100 512 3200 0.1 10 7 0.0250962 0.00250962
ppm_omp 100 512 6400 0.1 10 7 0.0269079 0.00269079
ppm_omp 100 512 12800 0.1 10 7 0.0265522 0.00265522
ppm_omp 100 512 800 0.1 10 8 0.0235081 0.00235081
ppm_omp 100 512 1600 0.1 10 8 0.0238721 0.00238721
ppm_omp 100 512 3200 0.1 10 8 0.0248978 0.00248978
ppm_omp 100 512 6400 0.1 10 8 0.024487 0.0024487
ppm_omp 100 512 12800 0.1 10 8 0.027863 0.0027863
ppm_omp 100 512 800 0.1 10 12 0.024106 0.0024106
ppm_omp 100 512 1600 0.1 10 12 0.026155 0.0026155
ppm_omp 100 512 3200 0.1 10 12 0.0241399 0.00241399
ppm_omp 100 512 6400 0.1 10 12 0.025111 0.0025111
ppm_omp 100 512 12800 0.1 10 12 0.025152 0.0025152
ppm_omp 100 512 800 0.1 10 16 0.0264621 0.00264621
ppm_omp 100 512 1600 0.1 10 16 0.0227668 0.00227668
ppm_omp 100 512 3200 0.1 10 16 0.024919 0.0024919
ppm_omp 100 512 6400 0.1 10 16 0.0246949 0.00246949
ppm_omp 100 512 12800 0.1 10 16 0.0264258 0.00264258
ppm_omp 100 512 800 0.1 10 20 0.0283711 0.00283711
ppm_omp 100 512 1600 0.1 10 20 0.026675 0.0026675
ppm_omp 100 512 3200 0.1 10 20 0.025342 0.0025342
ppm_omp 100 512 6400 0.1 10 20 0.0263209 0.00263209
ppm_omp 100 512 12800 0.1 10 20 0.032053 0.0032053
ppm_omp 100 512 800 0.1 10 24 0.0305519 0.00305519
ppm_omp 100 512 1600 0.1 10 24 0.0277419 0.00277419
ppm_omp 100 512 3200 0.1 10 24 0.02953 0.002953
ppm_omp 100 512 6400 0.1 10 24 0.031214 0.0031214
ppm_omp 100 512 12800 0.1 10 24 0.0352058 0.00352058
ppm_omp 100 1024 800 0.1 10 1 0.220492 0.0220492
ppm_omp 100 1024 1600 0.1 10 1 0.224183 0.0224183
ppm_omp 100 1024 3200 0.1 10 1 0.221821 0.0221821
ppm_omp 100 1024 6400 0.1 10 1 0.225547 0.0225547
ppm_omp 100 1024 12800 0.1 10 1 0.225948 0.0225948
ppm_omp 100 1024 800 0.1 10 2 0.178668 0.0178668
ppm_omp 100 1024 1600 0.1 10 2 0.179751 0.0179751
ppm_omp 100 1024 3200 0.1 10 2 0.179014 0.0179014
ppm_omp 100 1024 6400 0.1 10 2 0.181814 0.0181814
ppm_omp 100 1024 12800 0.1 10 2 0.185614 0.0185614
ppm_omp 100 1024 800 0.1 10 3 0.141067 0.0141067
ppm_omp 100 1024 1600 0.1 10 3 0.137256 0.0137256
ppm_omp 100 1024 3200 0.1 10 3 0.137031 0.0137031
ppm_omp 100 1024 6400 0.1 10 3 0.140514 0.0140514
ppm_omp 100 1024 12800 0.1 10 3 0.142837 0.0142837
ppm_omp 100 1024 800 0.1 10 4 0.130124 0.0130124
ppm_omp 100 1024 1600 0.1 10 4 0.132208 0.0132208
ppm_omp 100 1024 3200 0.1 10 4 0.128626 0.0128626
ppm_omp 100 1024 6400 0.1 10 4 0.129217 0.0129217
ppm_omp 100 1024 12800 0.1 10 4 0.133953 0.0133953
ppm_omp 100 1024 800 0.1 10 5 0.131345 0.0131345
ppm_omp 100 1024 1600 0.1 10 5 0.124849 0.0124849
ppm_omp 100 1024 3200 0.1 10 5 0.124256 0.0124256
ppm_omp 100 1024 6400 0.1 10 5 0.127919 0.0127919
ppm_omp 100 1024 12800 0.1 10 5 0.126306 0.0126306
ppm_omp 100 1024 800 0.1 10 6 0.123621 0.0123621
ppm_omp 100 1024 1600 0.1 10 6 0.127638 0.0127638
ppm_omp 100 1024 3200 0.1 10 6 0.127435 0.0127435
ppm_omp 100 1024 6400 0.1 10 6 0.124324 0.0124324
ppm_omp 100 1024 12800 0.1 10 6 0.130668 0.0130668
ppm_omp 100 1024 800 0.1 10 7 0.122112 0.0122112
ppm_omp 100 1024 1600 0.1 10 7 0.125572 0.0125572
ppm_omp 100 1024 3200 0.1 10 7 0.1201 0.01201
ppm_omp 100 1024 6400 0.1 10 7 0.123986 0.0123986
ppm_omp 100 1024 12800 0.1 10 7 0.130718 0.0130718
ppm_omp 100 1024 800 0.1 10 8 0.122785 0.0122785
ppm_omp 100 1024 1600 0.1 10 8 0.125394 0.0125394
ppm_omp 100 1024 3200 0.1 10 8 0.122078 0.0122078
ppm_omp 100 1024 6400 0.1 10 8 0.118258 0.0118258
ppm_omp 100 1024 12800 0.1 10 8 0.118171 0.0118171
ppm_omp 100 1024 800 0.1 10 12 0.129873 0.0129873
ppm_omp 100 1024 1600 0.1 10 12 0.122074 0.0122074
ppm_omp 100 1024 3200 0.1 10 12 0.151059 0.0151059
ppm_omp 100 1024 6400 0.1 10 12 0.131624 0.0131624
ppm_omp 100 1024 12800 0.1 10 12 0.137693 0.0137693
ppm_omp 100 1024 800 0.1 10 16 0.12238 0.012238
ppm_omp 100 1024 1600 0.1 10 16 0.126492 0.0126492
ppm_omp 100 1024 3200 0.1 10 16 0.119864 0.0119864
ppm_omp 100 1024 6400 0.1 10 16 0.130229 0.0130229
ppm_omp 100 1024 12800 0.1 10 16 0.129332 0.0129332
ppm_omp 100 1024 800 0.1 10 20 0.121145 0.0121145
ppm_omp 100 1024 1600 0.1 10 20 0.144062 0.0144062
ppm_omp 100 1024 3200 0.1 10 20 0.13784 0.013784
ppm_omp 100 1024 6400 0.1 10 20 0.132318 0.0132318
ppm_omp 100 1024 12800 0.1 10 20 0.132331 0.0132331
ppm_omp 100 1024 800 0.1 10 24 0.131597 0.0131597
ppm_omp 100 1024 1600 0.1 10 24 0.143027 0.0143027
ppm_omp 100 1024 3200 0.1 10 24 0.198892 0.0198892
ppm_omp 100 1024 6400 0.1 10 24 0.134022 0.0134022
ppm_omp 100 1024 12800 0.1 10 24 0.134494 0.0134494
ppm_omp 100 2048 800 0.1 10 1 1.07607 0.107607
ppm_omp 100 2048 1600 0.1 10 1 1.0747 0.10747
ppm_omp 100 2048 3200 0.1 10 1 1.07111 0.107111
ppm_omp 100 2048 6400 0.1 10 1 1.06966 0.106966
ppm_omp 100 2048 12800 0.1 10 1 1.07631 0.107631
ppm_omp 100 2048 800 0.1 10 2 0.800497 0.0800497
ppm_omp 100 2048 1600 0.1 10 2 0.796684 0.0796684
ppm_omp 100 2048 3200 0.1 10 2 0.819907 0.0819907
ppm_omp 100 2048 6400 0.1 10 2 0.934822 0.0934822
ppm_omp 100 2048 12800 0.1 10 2 0.938684 0.0938684
ppm_omp 100 2048 800 0.1 10 3 0.723292 0.0723292
ppm_omp 100 2048 1600 0.1 10 3 0.785448 0.0785448
ppm_omp 100 2048 3200 0.1 10 3 0.677005 0.0677005
ppm_omp 100 2048 6400 0.1 10 3 0.674009 0.0674009
ppm_omp 100 2048 12800 0.1 10 3 0.727699 0.0727699
ppm_omp 100 2048 800 0.1 10 4 0.65843 0.065843
ppm_omp 100 2048 1600 0.1 10 4 0.65522 0.065522
ppm_omp 100 2048 3200 0.1 10 4 0.631752 0.0631752
ppm_omp 100 2048 6400 0.1 10 4 0.653675 0.0653675
ppm_omp 100 2048 12800 0.1 10 4 0.662014 0.0662014
ppm_omp 100 2048 800 0.1 10 5 0.614522 0.0614522
ppm_omp 100 2048 1600 0.1 10 5 0.644652 0.0644652
ppm_omp 100 2048 3200 0.1 10 5 0.644914 0.0644914
ppm_omp 100 2048 6400 0.1 10 5 0.659797 0.0659797
ppm_omp 100 2048 12800 0.1 10 5 0.643893 0.0643893
ppm_omp 100 2048 800 0.1 10 6 0.592219 0.0592219
ppm_omp 100 2048 1600 0.1 10 6 0.589052 0.0589052
ppm_omp 100 2048 3200 0.1 10 6 0.617179 0.0617179
ppm_omp 100 2048 6400 0.1 10 6 0.624176 0.0624176
ppm_omp 100 2048 12800 0.1 10 6 0.62168 0.062168
ppm_omp 100 2048 800 0.1 10 7 0.606263 0.0606263
ppm_omp 100 2048 1600 0.1 10 7 0.598876 0.0598876
ppm_omp 100 2048 3200 0.1 10 7 0.604882 0.0604882
ppm_omp 100 2048 6400 0.1 10 7 0.602301 0.0602301
ppm_omp 100 2048 12800 0.1 10 7 0.610935 0.0610935
ppm_omp 100 2048 800 0.1 10 8 0.620288 0.0620288
ppm_omp 100 2048 1600 0.1 10 8 0.624166 0.0624166
ppm_omp 100 2048 3200 0.1 10 8 0.601541 0.0601541
ppm_omp 100 2048 6400 0.1 10 8 0.60624 0.060624
ppm_omp 100 2048 12800 0.1 10 8 0.624211 0.0624211
ppm_omp 100 2048 800 0.1 10 12 0.611944 0.0611944
ppm_omp 100 2048 1600 0.1 10 12 0.663747 0.0663747
ppm_omp 100 2048 3200 0.1 10 12 0.604239 0.0604239
ppm_omp 100 2048 6400 0.1 10 12 0.668533 0.0668533
ppm_omp 100 2048 12800 0.1 10 12 0.634862 0.0634862
ppm_omp 100 2048 800 0.1 10 16 0.64142 0.064142
ppm_omp 100 2048 1600 0.1 10 16 0.605858 0.0605858
ppm_omp 100 2048 3200 0.1 10 16 0.61764 0.061764
ppm_omp 100 2048 6400 0.1 10 16 0.607053 0.0607053
ppm_omp 100 2048 12800 0.1 10 16 0.649245 0.0649245
ppm_omp 100 2048 800 0.1 10 20 0.62763 0.062763
ppm_omp 100 2048 1600 0.1 10 20 0.645382 0.0645382
ppm_omp 100 2048 3200 0.1 10 20 0.645217 0.0645217
ppm_omp 100 2048 6400 0.1 10 20 0.62558 0.062558
ppm_omp 100 2048 12800 0.1 10 20 0.629558 0.0629558
ppm_omp 100 2048 800 0.1 10 24 0.745998 0.0745998
ppm_omp 100 2048 1600 0.1 10 24 0.671762 0.0671762
ppm_omp 100 2048 3200 0.1 10 24 0.753566 0.0753566
ppm_omp 100 2048 6400 0.1 10 24 0.712271 0.0712271
ppm_omp 100 2048 12800 0.1 10 24 0.807111 0.0807111
ppm_omp 100 4096 800 0.1 10 1 4.65473 0.465473
ppm_omp 100 4096 1600 0.1 10 1 4.61544 0.461544
ppm_omp 100 4096 3200 0.1 10 1 4.63591 0.463591
ppm_omp 100 4096 6400 0.1 10 1 4.64995 0.464995
ppm_omp 100 4096 12800 0.1 10 1 4.62022 0.462022
ppm_omp 100 4096 800 0.1 10 2 4.60333 0.460333
ppm_omp 100 4096 1600 0.1 10 2 3.47784 0.347784
ppm_omp 100 4096 3200 0.1 10 2 3.48053 0.348053
ppm_omp 100 4096 6400 0.1 10 2 3.47501 0.347501
ppm_omp 100 4096 12800 0.1 10 2 3.45677 0.345677
ppm_omp 100 4096 800 0.1 10 3 2.99242 0.299242
ppm_omp 100 4096 1600 0.1 10 3 3.00532 0.300532
ppm_omp 100 4096 3200 0.1 10 3 3.02589 0.302589
ppm_omp 100 4096 6400 0.1 10 3 3.03577 0.303577
ppm_omp 100 4096 12800 0.1 10 3 3.02144 0.302144
ppm_omp 100 4096 800 0.1 10 4 2.7704 0.27704
ppm_omp 100 4096 1600 0.1 10 4 2.75434 0.275434
ppm_omp 100 4096 3200 0.1 10 4 2.74133 0.274133
ppm_omp 100 4096 6400 0.1 10 4 2.7467 0.27467
ppm_omp 100 4096 12800 0.1 10 4 2.74689 0.274689
ppm_omp 100 4096 800 0.1 10 5 2.64724 0.264724
ppm_omp 100 4096 1600 0.1 10 5 2.59748 0.259748
ppm_omp 100 4096 3200 0.1 10 5 2.60859 0.260859
ppm_omp 100 4096 6400 0.1 10 5 2.70053 0.270053
ppm_omp 100 4096 12800 0.1 10 5 2.73569 0.273569
ppm_omp 100 4096 800 0.1 10 6 2.61449 0.261449
ppm_omp 100 4096 1600 0.1 10 6 2.6302 0.26302
ppm_omp 100 4096 3200 0.1 10 6 2.62393 0.262393
ppm_omp 100 4096 6400 0.1 10 6 2.61819 0.261819
ppm_omp 100 4096 12800 0.1 10 6 2.60169 0.260169
ppm_omp 100 4096 800 0.1 10 7 2.57169 0.257169
ppm_omp 100 4096 1600 0.1 10 7 2.99815 0.299815
ppm_omp 100 4096 3200 0.1 10 7 2.56839 0.256839
ppm_omp 100 4096 6400 0.1 10 7 2.5705 0.25705
ppm_omp 100 4096 12800 0.1 10 7 2.60504 0.260504
ppm_omp 100 4096 800 0.1 10 8 2.58758 0.258758
ppm_omp 100 4096 1600 0.1 10 8 2.58305 0.258305
ppm_omp 100 4096 3200 0.1 10 8 2.55475 0.255475
ppm_omp 100 4096 6400 0.1 10 8 2.55168 0.255168
ppm_omp 100 4096 12800 0.1 10 8 2.58612 0.258612
ppm_omp 100 4096 800 0.1 10 12 2.56967 0.256967
ppm_omp 100 4096 1600 0.1 10 12 2.57103 0.257103
ppm_omp 100 4096 3200 0.1 10 12 2.57984 0.257984
ppm_omp 100 4096 6400 0.1 10 12 2.57555 0.257555
ppm_omp 100 4096 12800 0.1 10 12 2.71825 0.271825
ppm_omp 100 4096 800 0.1 10 16 2.6319 0.26319
ppm_omp 100 4096 1600 0.1 10 16 2.62984 0.262984
ppm_omp 100 4096 3200 0.1 10 16 2.63748 0.263748
ppm_omp 100 4096 6400 0.1 10 16 2.62206 0.262206
ppm_omp 100 4096 12800 0.1 10 16 2.65069 0.265069
ppm_omp 100 4096 800 0.1 10 20 2.59853 0.259853
ppm_omp 100 4096 1600 0.1 10 20 2.59109 0.259109
ppm_omp 100 4096 3200 0.1 10 20 2.89337 0.289337
ppm_omp 100 4096 6400 0.1 10 20 2.63114 0.263114
ppm_omp 100 4096 12800 0.1 10 20 2.69964 0.269964
ppm_omp 100 4096 800 0.1 10 24 2.80094 0.280094
ppm_omp 100 4096 1600 0.1 10 24 2.66089 0.266089
ppm_omp 100 4096 3200 0.1 10 24 2.84463 0.284463
ppm_omp 100 4096 6400 0.1 10 24 2.6293 0.26293
ppm_omp 100 4096 12800 0.1 10 24 2.60439 0.260439
ppm_omp_full 100 128 800 0.1 10 1 0.00465703 0.000465703
ppm_omp_full 100 128 1600 0.1 10 1 0.00472498 0.000472498
ppm_omp_full 100 128 3200 0.1 10 1 0.00533795 0.000533795
ppm_omp_full 100 128 6400 0.1 10 1 0.0068481 0.00068481
ppm_omp_full 100 128 12800 0.1 10 1 0.00967312 0.000967312
ppm_omp_full 100 128 800 0.1 10 2 0.00357318 0.000357318
ppm_omp_full 100 128 1600 0.1 10 2 0.00473499 0.000473499
ppm_omp_full 100 128 3200 0.1 10 2 0.00742006 0.000742006
ppm_omp_full 100 128 6400 0.1 10 2 0.0126591 0.00126591
ppm_omp_full 100 128 12800 0.1 10 2 0.0242062 0.00242062
ppm_omp_full 100 128 800 0.1 10 3 0.00486708 0.000486708
ppm_omp_full 100 128 1600 0.1 10 3 0.00792289 0.000792289
ppm_omp_full 100 128 3200 0.1 10 3 0.0134702 0.00134702
ppm_omp_full 100 128 6400 0.1 10 3 0.0247889 0.00247889
ppm_omp_full 100 128 12800 0.1 10 3 0.0475819 0.00475819
ppm_omp_full 100 128 800 0.1 10 4 0.00498486 0.000498486
ppm_omp_full 100 128 1600 0.1 10 4 0.00762296 0.000762296
ppm_omp_full 100 128 3200 0.1 10 4 0.012984 0.0012984
ppm_omp_full 100 128 6400 0.1 10 4 0.0236461 0.00236461
ppm_omp_full 100 128 12800 0.1 10 4 0.0444 0.00444
ppm_omp_full 100 128 800 0.1 10 5 0.00500798 0.000500798
ppm_omp_full 100 128 1600 0.1 10 5 0.00710702 0.000710702
ppm_omp_full 100 128 3200 0.1 10 5 0.012115 0.0012115
ppm_omp_full 100 128 6400 0.1 10 5 0.0217252 0.00217252
ppm_omp_full 100 128 12800 0.1 10 5 0.0415349 0.00415349
ppm_omp_full 100 128 800 0.1 10 6 0.00472999 0.000472999
ppm_omp_full 100 128 1600 0.1 10 6 0.00724816 0.000724816
ppm_omp_full 100 128 3200 0.1 10 6 0.0126801 0.00126801
ppm_omp_full 100 128 6400 0.1 10 6 0.0210559 0.00210559
ppm_omp_full 100 128 12800 0.1 10 6 0.0429621 0.00429621
ppm_omp_full 100 128 800 0.1 10 7 0.00466299 0.000466299
ppm_omp_full 100 128 1600 0.1 10 7 0.00686407 0.000686407
ppm_omp_full 100 128 3200 0.1 10 7 0.0114698 0.00114698
ppm_omp_full 100 128 6400 0.1 10 7 0.0212629 0.00212629
ppm_omp_full 100 128 12800 0.1 10 7 0.0394499 0.00394499
ppm_omp_full 100 128 800 0.1 10 8 0.00480509 0.000480509
ppm_omp_full 100 128 1600 0.1 10 8 0.00708508 0.000708508
ppm_omp_full 100 128 3200 0.1 10 8 0.0125599 0.00125599
ppm_omp_full 100 128 6400 0.1 10 8 0.021558 0.0021558
ppm_omp_full 100 128 12800 0.1 10 8 0.039408 0.0039408
ppm_omp_full 100 128 800 0.1 10 12 0.00539994 0.000539994
ppm_omp_full 100 128 1600 0.1 10 12 0.00767303 0.000767303
ppm_omp_full 100 128 3200 0.1 10 12 0.011904 0.0011904
ppm_omp_full 100 128 6400 0.1 10 12 0.021446 0.0021446
ppm_omp_full 100 128 12800 0.1 10 12 0.19211 0.019211
ppm_omp_full 100 128 800 0.1 10 16 0.00535393 0.000535393
ppm_omp_full 100 128 1600 0.1 10 16 0.00725293 0.000725293
ppm_omp_full 100 128 3200 0.1 10 16 0.012835 0.0012835
ppm_omp_full 100 128 6400 0.1 10 16 0.0214031 0.00214031
ppm_omp_full 100 128 12800 0.1 10 16 0.0395939 0.00395939
ppm_omp_full 100 128 800 0.1 10 20 0.0108271 0.00108271
ppm_omp_full 100 128 1600 0.1 10 20 0.00809598 0.000809598
ppm_omp_full 100 128 3200 0.1 10 20 0.0123689 0.00123689
ppm_omp_full 100 128 6400 0.1 10 20 0.021544 0.0021544
ppm_omp_full 100 128 12800 0.1 10 20 0.040889 0.0040889
ppm_omp_full 100 128 800 0.1 10 24 0.00633097 0.000633097
ppm_omp_full 100 128 1600 0.1 10 24 0.00978589 0.000978589
ppm_omp_full 100 128 3200 0.1 10 24 0.014374 0.0014374
ppm_omp_full 100 128 6400 0.1 10 24 0.0342839 0.00342839
ppm_omp_full 100 128 12800 0.1 10 24 0.039367 0.0039367
ppm_omp_full 100 256 800 0.1 10 1 0.015677 0.0015677
ppm_omp_full 100 256 1600 0.1 10 1 0.015939 0.0015939
ppm_omp_full 100 256 3200 0.1 10 1 0.016196 0.0016196
ppm_omp_full 100 256 6400 0.1 10 1 0.017874 0.0017874
ppm_omp_full 100 256 12800 0.1 10 1 0.021054 0.0021054
ppm_omp_full 100 256 800 0.1 10 2 0.0124631 0.00124631
ppm_omp_full 100 256 1600 0.1 10 2 0.0162001 0.00162001
ppm_omp_full 100 256 3200 0.1 10 2 0.0211911 0.00211911
ppm_omp_full 100 256 6400 0.1 10 2 0.0291419 0.00291419
ppm_omp_full 100 256 12800 0.1 10 2 0.0470109 0.00470109
ppm_omp_full 100 256 800 0.1 10 3 0.0126228 0.00126228
ppm_omp_full 100 256 1600 0.1 10 3 0.0162559 0.00162559
ppm_omp_full 100 256 3200 0.1 10 3 0.020344 0.0020344
ppm_omp_full 100 256 6400 0.1 10 3 0.033468 0.0033468
ppm_omp_full 100 256 12800 0.1 10 3 0.0556951 0.00556951
ppm_omp_full 100 256 800 0.1 10 4 0.0127499 0.00127499
ppm_omp_full 100 256 1600 0.1 10 4 0.015677 0.0015677
ppm_omp_full 100 256 3200 0.1 10 4 0.0213349 0.00213349
ppm_omp_full 100 256 6400 0.1 10 4 0.0298049 0.00298049
ppm_omp_full 100 256 12800 0.1 10 4 0.052175 0.0052175
ppm_omp_full 100 256 800 0.1 10 5 0.0129681 0.00129681
ppm_omp_full 100 256 1600 0.1 10 5 0.015203 0.0015203
ppm_omp_full 100 256 3200 0.1 10 5 0.0200641 0.00200641
ppm_omp_full 100 256 6400 0.1 10 5 0.0293658 0.00293658
ppm_omp_full 100 256 12800 0.1 10 5 0.0497808 0.00497808
ppm_omp_full 100 256 800 0.1 10 6 0.012753 0.0012753
ppm_omp_full 100 256 1600 0.1 10 6 0.0146759 0.00146759
ppm_omp_full 100 256 3200 0.1 10 6 0.0202231 0.00202231
ppm_omp_full 100 256 6400 0.1 10 6 0.0305221 0.00305221
ppm_omp_full 100 256 12800 0.1 10 6 0.0470231 0.00470231
ppm_omp_full 100 256 800 0.1 10 7 0.01443 0.001443
ppm_omp_full 100 256 1600 0.1 10 7 0.014745 0.0014745
ppm_omp_full 100 256 3200 0.1 10 7 0.019562 0.0019562
ppm_omp_full 100 256 6400 0.1 10 7 0.0288019 0.00288019
ppm_omp_full 100 256 12800 0.1 10 7 0.0461209 0.00461209
ppm_omp_full 100 256 800 0.1 10 8 0.0120211 0.00120211
ppm_omp_full 100 256 1600 0.1 10 8 0.014287 0.0014287
ppm_omp_full 100 256 3200 0.1 10 8 0.0194831 0.00194831
ppm_omp_full 100 256 6400 0.1 10 8 0.0288711 0.00288711
ppm_omp_full 100 256 12800 0.1 10 8 0.045505 0.0045505
ppm_omp_full 100 256 800 0.1 10 12 0.013087 0.0013087
ppm_omp_full 100 256 1600 0.1 10 12 0.015512 0.0015512
ppm_omp_full 100 256 3200 0.1 10 12 0.0201159 0.00201159
ppm_omp_full 100 256 6400 0.1 10 12 0.0290289 0.00290289
ppm_omp_full 100 256 12800 0.1 10 12 0.0458601 0.00458601
ppm_omp_full 100 256 800 0.1 10 16 0.0139511 0.00139511
ppm_omp_full 100 256 1600 0.1 10 16 0.015507 0.0015507
ppm_omp_full 100 256 3200 0.1 10 16 0.021719 0.0021719
ppm_omp_full 100 256 6400 0.1 10 16 0.0308318 0.00308318
ppm_omp_full 100 256 12800 0.1 10 16 0.046808 0.0046808
ppm_omp_full 100 256 800 0.1 10 20 0.016288 0.0016288
ppm_omp_full 100 256 1600 0.1 10 20 0.0172179 0.00172179
ppm_omp_full 100 256 3200 0.1 10 20 0.025527 0.0025527
ppm_omp_full 100 256 6400 0.1 10 20 0.0319619 0.00319619
ppm_omp_full 100 256 12800 0.1 10 20 0.124186 0.0124186
ppm_omp_full 100 256 800 0.1 10 24 0.0232441 0.00232441
ppm_omp_full 100 256 1600 0.1 10 24 0.0188851 0.00188851
ppm_omp_full 100 256 3200 0.1 10 24 0.02285 0.002285
ppm_omp_full 100 256 6400 0.1 10 24 0.0513539 0.00513539
ppm_omp_full 100 256 12800 0.1 10 24 0.108566 0.0108566
ppm_omp_full 100 512 800 0.1 10 1 0.062619 0.0062619
ppm_omp_full 100 512 1600 0.1 10 1 0.06253 0.006253
ppm_omp_full 100 512 3200 0.1 10 1 0.0629721 0.00629721
ppm_omp_full 100 512 6400 0.1 10 1 0.06477 0.006477
ppm_omp_full 100 512 12800 0.1 10 1 0.0674949 0.00674949
ppm_omp_full 100 512 800 0.1 10 2 0.0516348 0.00516348
ppm_omp_full 100 512 1600 0.1 10 2 0.0525398 0.00525398
ppm_omp_full 100 512 3200 0.1 10 2 0.0580318 0.00580318
ppm_omp_full 100 512 6400 0.1 10 2 0.0667479 0.00667479
ppm_omp_full 100 512 12800 0.1 10 2 0.0845201 0.00845201
ppm_omp_full 100 512 800 0.1 10 3 0.0486031 0.00486031
ppm_omp_full 100 512 1600 0.1 10 3 0.049377 0.0049377
ppm_omp_full 100 512 3200 0.1 10 3 0.0515108 0.00515108
ppm_omp_full 100 512 6400 0.1 10 3 0.0629611 0.00629611
ppm_omp_full 100 512 12800 0.1 10 3 0.0893431 0.00893431
ppm_omp_full 100 512 800 0.1 10 4 0.044138 0.0044138
ppm_omp_full 100 512 1600 0.1 10 4 0.0491438 0.00491438
ppm_omp_full 100 512 3200 0.1 10 4 0.0522051 0.00522051
ppm_omp_full 100 512 6400 0.1 10 4 0.064281 0.0064281
ppm_omp_full 100 512 12800 0.1 10 4 0.0831649 0.00831649
ppm_omp_full 100 512 800 0.1 10 5 0.039736 0.0039736
ppm_omp_full 100 512 1600 0.1 10 5 0.0450928 0.00450928
ppm_omp_full 100 512 3200 0.1 10 5 0.059082 0.0059082
ppm_omp_full 100 512 6400 0.1 10 5 0.0579362 0.00579362
ppm_omp_full 100 512 12800 0.1 10 5 0.078825 0.0078825
ppm_omp_full 100 512 800 0.1 10 6 0.0409949 0.00409949
ppm_omp_full 100 512 1600 0.1 10 6 0.0435112 0.00435112
ppm_omp_full 100 512 3200 0.1 10 6 0.04931 0.004931
ppm_omp_full 100 512 6400 0.1 10 6 0.0598221 0.00598221
ppm_omp_full 100 512 12800 0.1 10 6 0.0773568 0.00773568
ppm_omp_full 100 512 800 0.1 10 7 0.041605 0.0041605
ppm_omp_full 100 512 1600 0.1 10 7 0.0427492 0.00427492
ppm_omp_full 100 512 3200 0.1 10 7 0.0490031 0.00490031
ppm_omp_full 100 512 6400 0.1 10 7 0.0567889 0.00567889
ppm_omp_full 100 512 12800 0.1 10 7 0.0786641 0.00786641
ppm_omp_full 100 512 800 0.1 10 8 0.040504 0.0040504
ppm_omp_full 100 512 1600 0.1 10 8 0.043273 0.0043273
ppm_omp_full 100 512 3200 0.1 10 8 0.0487211 0.00487211
ppm_omp_full 100 512 6400 0.1 10 8 0.057353 0.0057353
ppm_omp_full 100 512 12800 0.1 10 8 0.071888 0.0071888
ppm_omp_full 100 512 800 0.1 10 12 0.0404761 0.00404761
ppm_omp_full 100 512 1600 0.1 10 12 0.0492539 0.00492539
ppm_omp_full 100 512 3200 0.1 10 12 0.0559261 0.00559261
ppm_omp_full 100 512 6400 0.1 10 12 0.0603132 0.00603132
ppm_omp_full 100 512 12800 0.1 10 12 0.078269 0.0078269
ppm_omp_full 100 512 800 0.1 10 16 0.0484369 0.00484369
ppm_omp_full 100 512 1600 0.1 10 16 0.0705571 0.00705571
ppm_omp_full 100 512 3200 0.1 10 16 0.053432 0.0053432
ppm_omp_full 100 512 6400 0.1 10 16 0.118038 0.0118038
ppm_omp_full 100 512 12800 0.1 10 16 0.082083 0.0082083
ppm_omp_full 100 512 800 0.1 10 20 0.0593069 0.00593069
ppm_omp_full 100 512 1600 0.1 10 20 0.0681911 0.00681911
ppm_omp_full 100 512 3200 0.1 10 20 0.0587189 0.00587189
ppm_omp_full 100 512 6400 0.1 10 20 0.0655861 0.00655861
ppm_omp_full 100 512 12800 0.1 10 20 0.084986 0.0084986
ppm_omp_full 100 512 800 0.1 10 24 0.050297 0.0050297
ppm_omp_full 100 512 1600 0.1 10 24 0.0552499 0.00552499
ppm_omp_full 100 512 3200 0.1 10 24 0.0651059 0.00651059
ppm_omp_full 100 512 6400 0.1 10 24 0.0920241 0.00920241
ppm_omp_full 100 512 12800 0.1 10 24 0.084517 0.0084517
ppm_omp_full 100 1024 800 0.1 10 1 0.292883 0.0292883
ppm_omp_full 100 1024 1600 0.1 10 1 0.296686 0.0296686
ppm_omp_full 100 1024 3200 0.1 10 1 0.299299 0.0299299
ppm_omp_full 100 1024 6400 0.1 10 1 0.299909 0.0299909
ppm_omp_full 100 1024 12800 0.1 10 1 0.309023 0.0309023
ppm_omp_full 100 1024 800 0.1 10 2 0.244439 0.0244439
ppm_omp_full 100 1024 1600 0.1 10 2 0.246988 0.0246988
ppm_omp_full 100 1024 3200 0.1 10 2 0.239928 0.0239928
ppm_omp_full 100 1024 6400 0.1 10 2 0.252256 0.0252256
ppm_omp_full 100 1024 12800 0.1 10 2 0.263705 0.0263705
ppm_omp_full 100 1024 800 0.1 10 3 0.220971 0.0220971
ppm_omp_full 100 1024 1600 0.1 10 3 0.247447 0.0247447
ppm_omp_full 100 1024 3200 0.1 10 3 0.23245 0.023245
ppm_omp_full 100 1024 6400 0.1 10 3 0.241179 0.0241179
ppm_omp_full 100 1024 12800 0.1 10 3 0.25014 0.025014
ppm_omp_full 100 1024 800 0.1 10 4 0.210246 0.0210246
ppm_omp_full 100 1024 1600 0.1 10 4 0.207228 0.0207228
ppm_omp_full 100 1024 3200 0.1 10 4 0.218175 0.0218175
ppm_omp_full 100 1024 6400 0.1 10 4 0.221828 0.0221828
ppm_omp_full 100 1024 12800 0.1 10 4 0.238125 0.0238125
ppm_omp_full 100 1024 800 0.1 10 5 0.212133 0.0212133
ppm_omp_full 100 1024 1600 0.1 10 5 0.216479 0.0216479
ppm_omp_full 100 1024 3200 0.1 10 5 0.220009 0.0220009
ppm_omp_full 100 1024 6400 0.1 10 5 0.22595 0.022595
ppm_omp_full 100 1024 12800 0.1 10 5 0.230506 0.0230506
ppm_omp_full 100 1024 800 0.1 10 6 0.209631 0.0209631
ppm_omp_full 100 1024 1600 0.1 10 6 0.210723 0.0210723
ppm_omp_full 100 1024 3200 0.1 10 6 0.21015 0.021015
ppm_omp_full 100 1024 6400 0.1 10 6 0.223818 0.0223818
ppm_omp_full 100 1024 12800 0.1 10 6 0.244319 0.0244319
ppm_omp_full 100 1024 800 0.1 10 7 0.206258 0.0206258
ppm_omp_full 100 1024 1600 0.1 10 7 0.205033 0.0205033
ppm_omp_full 100 1024 3200 0.1 10 7 0.227953 0.0227953
ppm_omp_full 100 1024 6400 0.1 10 7 0.23139 0.023139
ppm_omp_full 100 1024 12800 0.1 10 7 0.240936 0.0240936
ppm_omp_full 100 1024 800 0.1 10 8 0.200684 0.0200684
ppm_omp_full 100 1024 1600 0.1 10 8 0.209433 0.0209433
ppm_omp_full 100 1024 3200 0.1 10 8 0.212538 0.0212538
ppm_omp_full 100 1024 6400 0.1 10 8 0.21655 0.021655
ppm_omp_full 100 1024 12800 0.1 10 8 0.235318 0.0235318
ppm_omp_full 100 1024 800 0.1 10 12 0.224862 0.0224862
ppm_omp_full 100 1024 1600 0.1 10 12 0.222663 0.0222663
ppm_omp_full 100 1024 3200 0.1 10 12 0.237054 0.0237054
ppm_omp_full 100 1024 6400 0.1 10 12 0.229946 0.0229946
ppm_omp_full 100 1024 12800 0.1 10 12 0.261426 0.0261426
ppm_omp_full 100 1024 800 0.1 10 16 0.215502 0.0215502
ppm_omp_full 100 1024 1600 0.1 10 16 0.214457 0.0214457
ppm_omp_full 100 1024 3200 0.1 10 16 0.223252 0.0223252
ppm_omp_full 100 1024 6400 0.1 10 16 0.245529 0.0245529
ppm_omp_full 100 1024 12800 0.1 10 16 0.283836 0.0283836
ppm_omp_full 100 1024 800 0.1 10 20 0.292409 0.0292409
ppm_omp_full 100 1024 1600 0.1 10 20 0.264389 0.0264389
ppm_omp_full 100 1024 3200 0.1 10 20 0.264758 0.0264758
ppm_omp_full 100 1024 6400 0.1 10 20 0.284389 0.0284389
ppm_omp_full 100 1024 12800 0.1 10 20 0.353726 0.0353726
ppm_omp_full 100 1024 800 0.1 10 24 0.250328 0.0250328
ppm_omp_full 100 1024 1600 0.1 10 24 0.231167 0.0231167
ppm_omp_full 100 1024 3200 0.1 10 24 0.279195 0.0279195
ppm_omp_full 100 1024 6400 0.1 10 24 0.318262 0.0318262
ppm_omp_full 100 1024 12800 0.1 10 24 0.320139 0.0320139
ppm_omp_full 100 2048 800 0.1 10 1 1.34903 0.134903
ppm_omp_full 100 2048 1600 0.1 10 1 1.37325 0.137325
ppm_omp_full 100 2048 3200 0.1 10 1 1.37056 0.137056
ppm_omp_full 100 2048 6400 0.1 10 1 1.364 0.1364
ppm_omp_full 100 2048 12800 0.1 10 1 1.37785 0.137785
ppm_omp_full 100 2048 800 0.1 10 2 1.10363 0.110363
ppm_omp_full 100 2048 1600 0.1 10 2 1.22019 0.122019
ppm_omp_full 100 2048 3200 0.1 10 2 1.09175 0.109175
ppm_omp_full 100 2048 6400 0.1 10 2 1.08521 0.108521
ppm_omp_full 100 2048 12800 0.1 10 2 1.11804 0.111804
ppm_omp_full 100 2048 800 0.1 10 3 1.01934 0.101934
ppm_omp_full 100 2048 1600 0.1 10 3 1.10876 0.110876
ppm_omp_full 100 2048 3200 0.1 10 3 1.07487 0.107487
ppm_omp_full 100 2048 6400 0.1 10 3 1.03474 0.103474
ppm_omp_full 100 2048 12800 0.1 10 3 1.05558 0.105558
ppm_omp_full 100 2048 800 0.1 10 4 0.991462 0.0991462
ppm_omp_full 100 2048 1600 0.1 10 4 0.972842 0.0972842
ppm_omp_full 100 2048 3200 0.1 10 4 1.10437 0.110437
ppm_omp_full 100 2048 6400 0.1 10 4 1.02633 0.102633
ppm_omp_full 100 2048 12800 0.1 10 4 0.996678 0.0996678
ppm_omp_full 100 2048 800 0.1 10 5 0.979196 0.0979196
ppm_omp_full 100 2048 1600 0.1 10 5 0.977588 0.0977588
ppm_omp_full 100 2048 3200 0.1 10 5 0.976131 0.0976131
ppm_omp_full 100 2048 6400 0.1 10 5 1.02418 0.102418
ppm_omp_full 100 2048 12800 0.1 10 5 0.994791 0.0994791
ppm_omp_full 100 2048 800 0.1 10 6 0.996123 0.0996123
ppm_omp_full 100 2048 1600 0.1 10 6 0.967407 0.0967407
ppm_omp_full 100 2048 3200 0.1 10 6 1.03615 0.103615
ppm_omp_full 100 2048 6400 0.1 10 6 0.983934 0.0983934
ppm_omp_full 100 2048 12800 0.1 10 6 1.12501 0.112501
ppm_omp_full 100 2048 800 0.1 10 7 0.949672 0.0949672
ppm_omp_full 100 2048 1600 0.1 10 7 0.975788 0.0975788
ppm_omp_full 100 2048 3200 0.1 10 7 1.02781 0.102781
ppm_omp_full 100 2048 6400 0.1 10 7 1.0069 0.10069
ppm_omp_full 100 2048 12800 0.1 10 7 1.05025 0.105025
ppm_omp_full 100 2048 800 0.1 10 8 0.957211 0.0957211
ppm_omp_full 100 2048 1600 0.1 10 8 0.982917 0.0982917
ppm_omp_full 100 2048 3200 0.1 10 8 0.97841 0.097841
ppm_omp_full 100 2048 6400 0.1 10 8 1.06662 0.106662
ppm_omp_full 100 2048 12800 0.1 10 8 0.985303 0.0985303
ppm_omp_full 100 2048 800 0.1 10 12 1.07526 0.107526
ppm_omp_full 100 2048 1600 0.1 10 12 1.05724 0.105724
ppm_omp_full 100 2048 3200 0.1 10 12 1.00862 0.100862
ppm_omp_full 100 2048 6400 0.1 10 12 1.22595 0.122595
ppm_omp_full 100 2048 12800 0.1 10 12 1.02083 0.102083
ppm_omp_full 100 2048 800 0.1 10 16 1.15789 0.115789
ppm_omp_full 100 2048 1600 0.1 10 16 1.0955 0.10955
ppm_omp_full 100 2048 3200 0.1 10 16 1.10159 0.110159
ppm_omp_full 100 2048 6400 0.1 10 16 1.21804 0.121804
ppm_omp_full 100 2048 12800 0.1 10 16 1.24005 0.124005
ppm_omp_full 100 2048 800 0.1 10 20 1.08438 0.108438
ppm_omp_full 100 2048 1600 0.1 10 20 1.21696 0.121696
ppm_omp_full 100 2048 3200 0.1 10 20 1.14303 0.114303
ppm_omp_full 100 2048 6400 0.1 10 20 1.26561 0.126561
ppm_omp_full 100 2048 12800 0.1 10 20 1.26424 0.126424
ppm_omp_full 100 2048 800 0.1 10 24 1.23193 0.123193
ppm_omp_full 100 2048 1600 0.1 10 24 1.24489 0.124489
ppm_omp_full 100 2048 3200 0.1 10 24 1.2315 0.12315
ppm_omp_full 100 2048 6400 0.1 10 24 1.38583 0.138583
ppm_omp_full 100 2048 12800 0.1 10 24 1.32944 0.132944
ppm_omp_full 100 4096 800 0.1 10 1 5.75266 0.575266
ppm_omp_full 100 4096 1600 0.1 10 1 5.78934 0.578934
ppm_omp_full 100 4096 3200 0.1 10 1 6.63876 0.663876
ppm_omp_full 100 4096 6400 0.1 10 1 5.76644 0.576644
ppm_omp_full 100 4096 12800 0.1 10 1 5.78216 0.578216
ppm_omp_full 100 4096 800 0.1 10 2 5.42622 0.542622
ppm_omp_full 100 4096 1600 0.1 10 2 4.63556 0.463556
ppm_omp_full 100 4096 3200 0.1 10 2 4.86197 0.486197
ppm_omp_full 100 4096 6400 0.1 10 2 5.33984 0.533984
ppm_omp_full 100 4096 12800 0.1 10 2 4.77046 0.477046
ppm_omp_full 100 4096 800 0.1 10 3 4.54376 0.454376
ppm_omp_full 100 4096 1600 0.1 10 3 5.16312 0.516312
ppm_omp_full 100 4096 3200 0.1 10 3 4.87067 0.487067
ppm_omp_full 100 4096 6400 0.1 10 3 4.83327 0.483327
ppm_omp_full 100 4096 12800 0.1 10 3 4.93125 0.493125
ppm_omp_full 100 4096 800 0.1 10 4 4.97301 0.497301
ppm_omp_full 100 4096 1600 0.1 10 4 4.43476 0.443476
ppm_omp_full 100 4096 3200 0.1 10 4 4.23449 0.423449
ppm_omp_full 100 4096 6400 0.1 10 4 4.91369 0.491369
ppm_omp_full 100 4096 12800 0.1 10 4 4.41099 0.441099
ppm_omp_full 100 4096 800 0.1 10 5 4.48095 0.448095
ppm_omp_full 100 4096 1600 0.1 10 5 4.932 0.4932
ppm_omp_full 100 4096 3200 0.1 10 5 4.35322 0.435322
ppm_omp_full 100 4096 6400 0.1 10 5 4.4123 0.44123
ppm_omp_full 100 4096 12800 0.1 10 5 4.28525 0.428525
ppm_omp_full 100 4096 800 0.1 10 6 4.88683 0.488683
ppm_omp_full 100 4096 1600 0.1 10 6 4.24248 0.424248
ppm_omp_full 100 4096 3200 0.1 10 6 4.19 0.419
ppm_omp_full 100 4096 6400 0.1 10 6 4.77965 0.477965
ppm_omp_full 100 4096 12800 0.1 10 6 4.19513 0.419513
ppm_omp_full 100 4096 800 0.1 10 7 4.42856 0.442856
ppm_omp_full 100 4096 1600 0.1 10 7 4.46248 0.446248
ppm_omp_full 100 4096 3200 0.1 10 7 4.91397 0.491397
ppm_omp_full 100 4096 6400 0.1 10 7 4.24257 0.424257
ppm_omp_full 100 4096 12800 0.1 10 7 4.40034 0.440034
ppm_omp_full 100 4096 800 0.1 10 8 4.64918 0.464918
ppm_omp_full 100 4096 1600 0.1 10 8 4.28265 0.428265
ppm_omp_full 100 4096 3200 0.1 10 8 4.31812 0.431812
ppm_omp_full 100 4096 6400 0.1 10 8 4.22806 0.422806
ppm_omp_full 100 4096 12800 0.1 10 8 4.22469 0.422469
ppm_omp_full 100 4096 800 0.1 10 12 4.94859 0.494859
ppm_omp_full 100 4096 1600 0.1 10 12 4.48634 0.448634
ppm_omp_full 100 4096 3200 0.1 10 12 4.36525 0.436525
ppm_omp_full 100 4096 6400 0.1 10 12 4.91027 0.491027
ppm_omp_full 100 4096 12800 0.1 10 12 4.39339 0.439339
ppm_omp_full 100 4096 800 0.1 10 16 4.66238 0.466238
ppm_omp_full 100 4096 1600 0.1 10 16 4.78743 0.478743
ppm_omp_full 100 4096 3200 0.1 10 16 4.98485 0.498485
ppm_omp_full 100 4096 6400 0.1 10 16 5.09988 0.509988
ppm_omp_full 100 4096 12800 0.1 10 16 4.72451 0.472451
ppm_omp_full 100 4096 800 0.1 10 20 5.39725 0.539725
ppm_omp_full 100 4096 1600 0.1 10 20 4.61893 0.461893
ppm_omp_full 100 4096 3200 0.1 10 20 4.93906 0.493906
ppm_omp_full 100 4096 6400 0.1 10 20 5.10561 0.510561
ppm_omp_full 100 4096 12800 0.1 10 20 4.81562 0.481562
ppm_omp_full 100 4096 800 0.1 10 24 5.17294 0.517294
ppm_omp_full 100 4096 1600 0.1 10 24 5.52258 0.552258
ppm_omp_full 100 4096 3200 0.1 10 24 5.51016 0.551016
ppm_omp_full 100 4096 6400 0.1 10 24 5.12664 0.512664
ppm_omp_full 100 4096 12800 0.1 10 24 5.38324 0.538324
ppm_omp_partial 100 128 800 0.1 10 1 0.00317883 0.000317883
ppm_omp_partial 100 128 1600 0.1 10 1 0.00335002 0.000335002
ppm_omp_partial 100 128 3200 0.1 10 1 0.00409412 0.000409412
ppm_omp_partial 100 128 6400 0.1 10 1 0.0053401 0.00053401
ppm_omp_partial 100 128 12800 0.1 10 1 0.00831389 0.000831389
ppm_omp_partial 100 128 800 0.1 10 2 0.00313401 0.000313401
ppm_omp_partial 100 128 1600 0.1 10 2 0.00457501 0.000457501
ppm_omp_partial 100 128 3200 0.1 10 2 0.00718212 0.000718212
ppm_omp_partial 100 128 6400 0.1 10 2 0.0128531 0.00128531
ppm_omp_partial 100 128 12800 0.1 10 2 0.0247149 0.00247149
ppm_omp_partial 100 128 800 0.1 10 3 0.00475788 0.000475788
ppm_omp_partial 100 128 1600 0.1 10 3 0.00794387 0.000794387
ppm_omp_partial 100 128 3200 0.1 10 3 0.0140579 0.00140579
ppm_omp_partial 100 128 6400 0.1 10 3 0.025629 0.0025629
ppm_omp_partial 100 128 12800 0.1 10 3 0.0494909 0.00494909
ppm_omp_partial 100 128 800 0.1 10 4 0.00502586 0.000502586
ppm_omp_partial 100 128 1600 0.1 10 4 0.00756097 0.000756097
ppm_omp_partial 100 128 3200 0.1 10 4 0.0135319 0.00135319
ppm_omp_partial 100 128 6400 0.1 10 4 0.0242679 0.00242679
ppm_omp_partial 100 128 12800 0.1 10 4 0.047637 0.0047637
ppm_omp_partial 100 128 800 0.1 10 5 0.00499701 0.000499701
ppm_omp_partial 100 128 1600 0.1 10 5 0.00760603 0.000760603
ppm_omp_partial 100 128 3200 0.1 10 5 0.0135632 0.00135632
ppm_omp_partial 100 128 6400 0.1 10 5 0.0232651 0.00232651
ppm_omp_partial 100 128 12800 0.1 10 5 0.0440841 0.00440841
ppm_omp_partial 100 128 800 0.1 10 6 0.00494981 0.000494981
ppm_omp_partial 100 128 1600 0.1 10 6 0.0074358 0.00074358
ppm_omp_partial 100 128 3200 0.1 10 6 0.013207 0.0013207
ppm_omp_partial 100 128 6400 0.1 10 6 0.022085 0.0022085
ppm_omp_partial 100 128 12800 0.1 10 6 0.0446141 0.00446141
ppm_omp_partial 100 128 800 0.1 10 7 0.00480914 0.000480914
ppm_omp_partial 100 128 1600 0.1 10 7 0.00734997 0.000734997
ppm_omp_partial 100 128 3200 0.1 10 7 0.013011 0.0013011
ppm_omp_partial 100 128 6400 0.1 10 7 0.0236301 0.00236301
ppm_omp_partial 100 128 12800 0.1 10 7 0.0450671 0.00450671
ppm_omp_partial 100 128 800 0.1 10 8 0.0046072 0.00046072
ppm_omp_partial 100 128 1600 0.1 10 8 0.0075109 0.00075109
ppm_omp_partial 100 128 3200 0.1 10 8 0.012728 0.0012728
ppm_omp_partial 100 128 6400 0.1 10 8 0.022907 0.0022907
ppm_omp_partial 100 128 12800 0.1 10 8 0.0438631 0.00438631
ppm_omp_partial 100 128 800 0.1 10 12 0.00526094 0.000526094
ppm_omp_partial 100 128 1600 0.1 10 12 0.00726819 0.000726819
ppm_omp_partial 100 128 3200 0.1 10 12 0.0133359 0.00133359
ppm_omp_partial 100 128 6400 0.1 10 12 0.023649 0.0023649
ppm_omp_partial 100 128 12800 0.1 10 12 0.041991 0.0041991
ppm_omp_partial 100 128 800 0.1 10 16 0.00517797 0.000517797
ppm_omp_partial 100 128 1600 0.1 10 16 0.00749898 0.000749898
ppm_omp_partial 100 128 3200 0.1 10 16 0.012687 0.0012687
ppm_omp_partial 100 128 6400 0.1 10 16 0.0606771 0.00606771
ppm_omp_partial 100 128 12800 0.1 10 16 0.043401 0.0043401
ppm_omp_partial 100 128 800 0.1 10 20 0.00516105 0.000516105
ppm_omp_partial 100 128 1600 0.1 10 20 0.00761104 0.000761104
ppm_omp_partial 100 128 3200 0.1 10 20 0.013597 0.0013597
ppm_omp_partial 100 128 6400 0.1 10 20 0.0220959 0.00220959
ppm_omp_partial 100 128 12800 0.1 10 20 0.105901 0.0105901
ppm_omp_partial 100 128 800 0.1 10 24 0.00601387 0.000601387
ppm_omp_partial 100 128 1600 0.1 10 24 0.00780892 0.000780892
ppm_omp_partial 100 128 3200 0.1 10 24 0.012589 0.0012589
ppm_omp_partial 100 128 6400 0.1 10 24 0.043061 0.0043061
ppm_omp_partial 100 128 12800 0.1 10 24 0.249788 0.0249788
ppm_omp_partial 100 256 800 0.1 10 1 0.0102201 0.00102201
ppm_omp_partial 100 256 1600 0.1 10 1 0.0104871 0.00104871
ppm_omp_partial 100 256 3200 0.1 10 1 0.0111001 0.00111001
ppm_omp_partial 100 256 6400 0.1 10 1 0.0124691 0.00124691
ppm_omp_partial 100 256 12800 0.1 10 1 0.0154819 0.00154819
ppm_omp_partial 100 256 800 0.1 10 2 0.0083549 0.00083549
ppm_omp_partial 100 256 1600 0.1 10 2 0.00946307 0.000946307
ppm_omp_partial 100 256 3200 0.1 10 2 0.012337 0.0012337
ppm_omp_partial 100 256 6400 0.1 10 2 0.0182891 0.00182891
ppm_omp_partial 100 256 12800 0.1 10 2 0.059057 0.0059057
ppm_omp_partial 100 256 800 0.1 10 3 0.0100191 0.00100191
ppm_omp_partial 100 256 1600 0.1 10 3 0.0137739 0.00137739
ppm_omp_partial 100 256 3200 0.1 10 3 0.019882 0.0019882
ppm_omp_partial 100 256 6400 0.1 10 3 0.0318079 0.00318079
ppm_omp_partial 100 256 12800 0.1 10 3 0.0559969 0.00559969
ppm_omp_partial 100 256 800 0.1 10 4 0.00989103 0.000989103
ppm_omp_partial 100 256 1600 0.1 10 4 0.0127511 0.00127511
ppm_omp_partial 100 256 3200 0.1 10 4 0.018724 0.0018724
ppm_omp_partial 100 256 6400 0.1 10 4 0.0293372 0.00293372
ppm_omp_partial 100 256 12800 0.1 10 4 0.0525272 0.00525272
ppm_omp_partial 100 256 800 0.1 10 5 0.00982499 0.000982499
ppm_omp_partial 100 256 1600 0.1 10 5 0.012634 0.0012634
ppm_omp_partial 100 256 3200 0.1 10 5 0.0183871 0.00183871
ppm_omp_partial 100 256 6400 0.1 10 5 0.029145 0.0029145
ppm_omp_partial 100 256 12800 0.1 10 5 0.049818 0.0049818
ppm_omp_partial 100 256 800 0.1 10 6 0.00959897 0.000959897
ppm_omp_partial 100 256 1600 0.1 10 6 0.011874 0.0011874
ppm_omp_partial 100 256 3200 0.1 10 6 0.0180271 0.00180271
ppm_omp_partial 100 256 6400 0.1 10 6 0.0278029 0.00278029
ppm_omp_partial 100 256 12800 0.1 10 6 0.203551 0.0203551
ppm_omp_partial 100 256 800 0.1 10 7 0.00945807 0.000945807
ppm_omp_partial 100 256 1600 0.1 10 7 0.0119798 0.00119798
ppm_omp_partial 100 256 3200 0.1 10 7 0.01705 0.001705
ppm_omp_partial 100 256 6400 0.1 10 7 0.026643 0.0026643
ppm_omp_partial 100 256 12800 0.1 10 7 0.0464199 0.00464199
ppm_omp_partial 100 256 800 0.1 10 8 0.00943089 0.000943089
ppm_omp_partial 100 256 1600 0.1 10 8 0.012006 0.0012006
ppm_omp_partial 100 256 3200 0.1 10 8 0.017463 0.0017463
ppm_omp_partial 100 256 6400 0.1 10 8 0.026968 0.0026968
ppm_omp_partial 100 256 12800 0.1 10 8 0.0486779 0.00486779
ppm_omp_partial 100 256 800 0.1 10 12 0.009583 0.0009583
ppm_omp_partial 100 256 1600 0.1 10 12 0.0117922 0.00117922
ppm_omp_partial 100 256 3200 0.1 10 12 0.018255 0.0018255
ppm_omp_partial 100 256 6400 0.1 10 12 0.088764 0.0088764
ppm_omp_partial 100 256 12800 0.1 10 12 0.0464749 0.00464749
ppm_omp_partial 100 256 800 0.1 10 16 0.0100241 0.00100241
ppm_omp_partial 100 256 1600 0.1 10 16 0.0127869 0.00127869
ppm_omp_partial 100 256 3200 0.1 10 16 0.0184281 0.00184281
ppm_omp_partial 100 256 6400 0.1 10 16 0.028192 0.0028192
ppm_omp_partial 100 256 12800 0.1 10 16 0.047606 0.0047606
ppm_omp_partial 100 256 800 0.1 10 20 0.0103679 0.00103679
ppm_omp_partial 100 256 1600 0.1 10 20 0.0129459 0.00129459
ppm_omp_partial 100 256 3200 0.1 10 20 0.0181069 0.00181069
ppm_omp_partial 100 256 6400 0.1 10 20 0.027508 0.0027508
ppm_omp_partial 100 256 12800 0.1 10 20 0.0460691 0.00460691
ppm_omp_partial 100 256 800 0.1 10 24 0.014128 0.0014128
ppm_omp_partial 100 256 1600 0.1 10 24 0.012826 0.0012826
ppm_omp_partial 100 256 3200 0.1 10 24 0.023597 0.0023597
ppm_omp_partial 100 256 6400 0.1 10 24 0.0280712 0.00280712
ppm_omp_partial 100 256 12800 0.1 10 24 0.047575 0.0047575
ppm_omp_partial 100 512 800 0.1 10 1 0.042068 0.0042068
ppm_omp_partial 100 512 1600 0.1 10 1 0.0405889 0.00405889
ppm_omp_partial 100 512 3200 0.1 10 1 0.0414469 0.00414469
ppm_omp_partial 100 512 6400 0.1 10 1 0.043133 0.0043133
ppm_omp_partial 100 512 12800 0.1 10 1 0.0468218 0.00468218
ppm_omp_partial 100 512 800 0.1 10 2 0.0410011 0.00410011
ppm_omp_partial 100 512 1600 0.1 10 2 0.0445149 0.00445149
ppm_omp_partial 100 512 3200 0.1 10 2 0.0504789 0.00504789
ppm_omp_partial 100 512 6400 0.1 10 2 0.0622749 0.00622749
ppm_omp_partial 100 512 12800 0.1 10 2 0.085851 0.0085851
ppm_omp_partial 100 512 800 0.1 10 3 0.033443 0.0033443
ppm_omp_partial 100 512 1600 0.1 10 3 0.034869 0.0034869
ppm_omp_partial 100 512 3200 0.1 10 3 0.0404661 0.00404661
ppm_omp_partial 100 512 6400 0.1 10 3 0.0557702 0.00557702
ppm_omp_partial 100 512 12800 0.1 10 3 0.079875 0.0079875
ppm_omp_partial 100 512 800 0.1 10 4 0.0308301 0.00308301
ppm_omp_partial 100 512 1600 0.1 10 4 0.0322602 0.00322602
ppm_omp_partial 100 512 3200 0.1 10 4 0.039073 0.0039073
ppm_omp_partial 100 512 6400 0.1 10 4 0.050395 0.0050395
ppm_omp_partial 100 512 12800 0.1 10 4 0.072849 0.0072849
ppm_omp_partial 100 512 800 0.1 10 5 0.02934 0.002934
ppm_omp_partial 100 512 1600 0.1 10 5 0.0318561 0.00318561
ppm_omp_partial 100 512 3200 0.1 10 5 0.038003 0.0038003
ppm_omp_partial 100 512 6400 0.1 10 5 0.046638 0.0046638
ppm_omp_partial 100 512 12800 0.1 10 5 0.066478 0.0066478
ppm_omp_partial 100 512 800 0.1 10 6 0.0278232 0.00278232
ppm_omp_partial 100 512 1600 0.1 10 6 0.0292761 0.00292761
ppm_omp_partial 100 512 3200 0.1 10 6 0.0358469 0.00358469
ppm_omp_partial 100 512 6400 0.1 10 6 0.0462022 0.00462022
ppm_omp_partial 100 512 12800 0.1 10 6 0.0655179 0.00655179
ppm_omp_partial 100 512 800 0.1 10 7 0.0276799 0.00276799
ppm_omp_partial 100 512 1600 0.1 10 7 0.0299051 0.00299051
ppm_omp_partial 100 512 3200 0.1 10 7 0.037019 0.0037019
ppm_omp_partial 100 512 6400 0.1 10 7 0.0491719 0.00491719
ppm_omp_partial 100 512 12800 0.1 10 7 0.142874 0.0142874
ppm_omp_partial 100 512 800 0.1 10 8 0.025676 0.0025676
ppm_omp_partial 100 512 1600 0.1 10 8 0.0291111 0.00291111
ppm_omp_partial 100 512 3200 0.1 10 8 0.0358031 0.00358031
ppm_omp_partial 100 512 6400 0.1 10 8 0.0419688 0.00419688
ppm_omp_partial 100 512 12800 0.1 10 8 0.0657341 0.00657341
ppm_omp_partial 100 512 800 0.1 10 12 0.0267482 0.00267482
ppm_omp_partial 100 512 1600 0.1 10 12 0.0301189 0.00301189
ppm_omp_partial 100 512 3200 0.1 10 12 0.0326691 0.00326691
ppm_omp_partial 100 512 6400 0.1 10 12 0.046185 0.0046185
ppm_omp_partial 100 512 12800 0.1 10 12 0.0667939 0.00667939
ppm_omp_partial 100 512 800 0.1 10 16 0.0273449 0.00273449
ppm_omp_partial 100 512 1600 0.1 10 16 0.0381482 0.00381482
ppm_omp_partial 100 512 3200 0.1 10 16 0.036119 0.0036119
ppm_omp_partial 100 512 6400 0.1 10 16 0.0467501 0.00467501
ppm_omp_partial 100 512 12800 0.1 10 16 0.067822 0.0067822
ppm_omp_partial 100 512 800 0.1 10 20 0.028631 0.0028631
ppm_omp_partial 100 512 1600 0.1 10 20 0.0306571 0.00306571
ppm_omp_partial 100 512 3200 0.1 10 20 0.0347209 0.00347209
ppm_omp_partial 100 512 6400 0.1 10 20 0.0445762 0.00445762
ppm_omp_partial 100 512 12800 0.1 10 20 0.063971 0.0063971
ppm_omp_partial 100 512 800 0.1 10 24 0.0327759 0.00327759
ppm_omp_partial 100 512 1600 0.1 10 24 0.0359519 0.00359519
ppm_omp_partial 100 512 3200 0.1 10 24 0.044282 0.0044282
ppm_omp_partial 100 512 6400 0.1 10 24 0.0498991 0.00498991
ppm_omp_partial 100 512 12800 0.1 10 24 0.0642619 0.00642619
ppm_omp_partial 100 1024 800 0.1 10 1 0.229573 0.0229573
ppm_omp_partial 100 1024 1600 0.1 10 1 0.230614 0.0230614
ppm_omp_partial 100 1024 3200 0.1 10 1 0.23095 0.023095
ppm_omp_partial 100 1024 6400 0.1 10 1 0.231906 0.0231906
ppm_omp_partial 100 1024 12800 0.1 10 1 0.237658 0.0237658
ppm_omp_partial 100 1024 800 0.1 10 2 0.183621 0.0183621
ppm_omp_partial 100 1024 1600 0.1 10 2 0.183297 0.0183297
ppm_omp_partial 100 1024 3200 0.1 10 2 0.189085 0.0189085
ppm_omp_partial 100 1024 6400 0.1 10 2 0.199952 0.0199952
ppm_omp_partial 100 1024 12800 0.1 10 2 0.227594 0.0227594
ppm_omp_partial 100 1024 800 0.1 10 3 0.138768 0.0138768
ppm_omp_partial 100 1024 1600 0.1 10 3 0.146374 0.0146374
ppm_omp_partial 100 1024 3200 0.1 10 3 0.14866 0.014866
ppm_omp_partial 100 1024 6400 0.1 10 3 0.159925 0.0159925
ppm_omp_partial 100 1024 12800 0.1 10 3 0.191716 0.0191716
ppm_omp_partial 100 1024 800 0.1 10 4 0.131517 0.0131517
ppm_omp_partial 100 1024 1600 0.1 10 4 0.133723 0.0133723
ppm_omp_partial 100 1024 3200 0.1 10 4 0.140827 0.0140827
ppm_omp_partial 100 1024 6400 0.1 10 4 0.149824 0.0149824
ppm_omp_partial 100 1024 12800 0.1 10 4 0.171816 0.0171816
ppm_omp_partial 100 1024 800 0.1 10 5 0.125597 0.0125597
ppm_omp_partial 100 1024 1600 0.1 10 5 0.129641 0.0129641
ppm_omp_partial 100 1024 3200 0.1 10 5 0.134401 0.0134401
ppm_omp_partial 100 1024 6400 0.1 10 5 0.156346 0.0156346
ppm_omp_partial 100 1024 12800 0.1 10 5 0.166471 0.0166471
ppm_omp_partial 100 1024 800 0.1 10 6 0.124699 0.0124699
ppm_omp_partial 100 1024 1600 0.1 10 6 0.129559 0.0129559
ppm_omp_partial 100 1024 3200 0.1 10 6 0.13885 0.013885
ppm_omp_partial 100 1024 6400 0.1 10 6 0.145214 0.0145214
ppm_omp_partial 100 1024 12800 0.1 10 6 0.166882 0.0166882
ppm_omp_partial 100 1024 800 0.1 10 7 0.127157 0.0127157
ppm_omp_partial 100 1024 1600 0.1 10 7 0.121073 0.0121073
ppm_omp_partial 100 1024 3200 0.1 10 7 0.132696 0.0132696
ppm_omp_partial 100 1024 6400 0.1 10 7 0.153204 0.0153204
ppm_omp_partial 100 1024 12800 0.1 10 7 0.166054 0.0166054
ppm_omp_partial 100 1024 800 0.1 10 8 0.122292 0.0122292
ppm_omp_partial 100 1024 1600 0.1 10 8 0.128614 0.0128614
ppm_omp_partial 100 1024 3200 0.1 10 8 0.130493 0.0130493
ppm_omp_partial 100 1024 6400 0.1 10 8 0.147962 0.0147962
ppm_omp_partial 100 1024 12800 0.1 10 8 0.163766 0.0163766
ppm_omp_partial 100 1024 800 0.1 10 12 0.140379 0.0140379
ppm_omp_partial 100 1024 1600 0.1 10 12 0.132671 0.0132671
ppm_omp_partial 100 1024 3200 0.1 10 12 0.140053 0.0140053
ppm_omp_partial 100 1024 6400 0.1 10 12 0.158374 0.0158374
ppm_omp_partial 100 1024 12800 0.1 10 12 0.156635 0.0156635
ppm_omp_partial 100 1024 800 0.1 10 16 0.127159 0.0127159
ppm_omp_partial 100 1024 1600 0.1 10 16 0.13095 0.013095
ppm_omp_partial 100 1024 3200 0.1 10 16 0.133268 0.0133268
ppm_omp_partial 100 1024 6400 0.1 10 16 0.143468 0.0143468
ppm_omp_partial 100 1024 12800 0.1 10 16 0.163209 0.0163209
ppm_omp_partial 100 1024 800 0.1 10 20 0.133582 0.0133582
ppm_omp_partial 100 1024 1600 0.1 10 20 0.132883 0.0132883
ppm_omp_partial 100 1024 3200 0.1 10 20 0.139104 0.0139104
ppm_omp_partial 100 1024 6400 0.1 10 20 0.14915 0.014915
ppm_omp_partial 100 1024 12800 0.1 10 20 0.171757 0.0171757
ppm_omp_partial 100 1024 800 0.1 10 24 0.138374 0.0138374
ppm_omp_partial 100 1024 1600 0.1 10 24 0.154066 0.0154066
ppm_omp_partial 100 1024 3200 0.1 10 24 0.155324 0.0155324
ppm_omp_partial 100 1024 6400 0.1 10 24 0.14931 0.014931
ppm_omp_partial 100 1024 12800 0.1 10 24 0.172287 0.0172287
ppm_omp_partial 100 2048 800 0.1 10 1 1.10795 0.110795
ppm_omp_partial 100 2048 1600 0.1 10 1 1.07752 0.107752
ppm_omp_partial 100 2048 3200 0.1 10 1 1.10341 0.110341
ppm_omp_partial 100 2048 6400 0.1 10 1 1.09073 0.109073
ppm_omp_partial 100 2048 12800 0.1 10 1 1.09169 0.109169
ppm_omp_partial 100 2048 800 0.1 10 2 0.808104 0.0808104
ppm_omp_partial 100 2048 1600 0.1 10 2 0.811515 0.0811515
ppm_omp_partial 100 2048 3200 0.1 10 2 0.816068 0.0816068
ppm_omp_partial 100 2048 6400 0.1 10 2 0.830513 0.0830513
ppm_omp_partial 100 2048 12800 0.1 10 2 0.857745 0.0857745
ppm_omp_partial 100 2048 800 0.1 10 3 0.668355 0.0668355
ppm_omp_partial 100 2048 1600 0.1 10 3 0.738023 0.0738023
ppm_omp_partial 100 2048 3200 0.1 10 3 0.750444 0.0750444
ppm_omp_partial 100 2048 6400 0.1 10 3 0.701006 0.0701006
ppm_omp_partial 100 2048 12800 0.1 10 3 0.75762 0.075762
ppm_omp_partial 100 2048 800 0.1 10 4 0.660281 0.0660281
ppm_omp_partial 100 2048 1600 0.1 10 4 0.656144 0.0656144
ppm_omp_partial 100 2048 3200 0.1 10 4 0.66707 0.066707
ppm_omp_partial 100 2048 6400 0.1 10 4 0.681641 0.0681641
ppm_omp_partial 100 2048 12800 0.1 10 4 0.704569 0.0704569
ppm_omp_partial 100 2048 800 0.1 10 5 0.613693 0.0613693
ppm_omp_partial 100 2048 1600 0.1 10 5 0.650759 0.0650759
ppm_omp_partial 100 2048 3200 0.1 10 5 0.654371 0.0654371
ppm_omp_partial 100 2048 6400 0.1 10 5 0.63288 0.063288
ppm_omp_partial 100 2048 12800 0.1 10 5 0.675346 0.0675346
ppm_omp_partial 100 2048 800 0.1 10 6 0.626728 0.0626728
ppm_omp_partial 100 2048 1600 0.1 10 6 0.625585 0.0625585
ppm_omp_partial 100 2048 3200 0.1 10 6 0.628913 0.0628913
ppm_omp_partial 100 2048 6400 0.1 10 6 0.704794 0.0704794
ppm_omp_partial 100 2048 12800 0.1 10 6 0.673959 0.0673959
ppm_omp_partial 100 2048 800 0.1 10 7 0.608607 0.0608607
ppm_omp_partial 100 2048 1600 0.1 10 7 0.616123 0.0616123
ppm_omp_partial 100 2048 3200 0.1 10 7 0.614003 0.0614003
ppm_omp_partial 100 2048 6400 0.1 10 7 0.62698 0.062698
ppm_omp_partial 100 2048 12800 0.1 10 7 0.66652 0.066652
ppm_omp_partial 100 2048 800 0.1 10 8 0.626955 0.0626955
ppm_omp_partial 100 2048 1600 0.1 10 8 0.608089 0.0608089
ppm_omp_partial 100 2048 3200 0.1 10 8 0.631446 0.0631446
ppm_omp_partial 100 2048 6400 0.1 10 8 0.626189 0.0626189
ppm_omp_partial 100 2048 12800 0.1 10 8 0.660352 0.0660352
ppm_omp_partial 100 2048 800 0.1 10 12 0.630151 0.0630151
ppm_omp_partial 100 2048 1600 0.1 10 12 0.624426 0.0624426
ppm_omp_partial 100 2048 3200 0.1 10 12 0.642662 0.0642662
ppm_omp_partial 100 2048 6400 0.1 10 12 0.674746 0.0674746
ppm_omp_partial 100 2048 12800 0.1 10 12 0.655694 0.0655694
ppm_omp_partial 100 2048 800 0.1 10 16 0.654595 0.0654595
ppm_omp_partial 100 2048 1600 0.1 10 16 0.584933 0.0584933
ppm_omp_partial 100 2048 3200 0.1 10 16 0.621163 0.0621163
ppm_omp_partial 100 2048 6400 0.1 10 16 0.653556 0.0653556
ppm_omp_partial 100 2048 12800 0.1 10 16 0.669043 0.0669043
ppm_omp_partial 100 2048 800 0.1 10 20 0.612417 0.0612417
ppm_omp_partial 100 2048 1600 0.1 10 20 0.630687 0.0630687
ppm_omp_partial 100 2048 3200 0.1 10 20 0.634033 0.0634033
ppm_omp_partial 100 2048 6400 0.1 10 20 0.65673 0.065673
ppm_omp_partial 100 2048 12800 0.1 10 20 0.683655 0.0683655
ppm_omp_partial 100 2048 800 0.1 10 24 0.702783 0.0702783
ppm_omp_partial 100 2048 1600 0.1 10 24 0.756775 0.0756775
ppm_omp_partial 100 2048 3200 0.1 10 24 0.671238 0.0671238
ppm_omp_partial 100 2048 6400 0.1 10 24 0.706124 0.0706124
ppm_omp_partial 100 2048 12800 0.1 10 24 0.825224 0.0825224
ppm_omp_partial 100 4096 800 0.1 10 1 4.70142 0.470142
ppm_omp_partial 100 4096 1600 0.1 10 1 4.62186 0.462186
ppm_omp_partial 100 4096 3200 0.1 10 1 4.70726 0.470726
ppm_omp_partial 100 4096 6400 0.1 10 1 4.62602 0.462602
ppm_omp_partial 100 4096 12800 0.1 10 1 5.89795 0.589795
ppm_omp_partial 100 4096 800 0.1 10 2 3.47163 0.347163
ppm_omp_partial 100 4096 1600 0.1 10 2 3.45822 0.345822
ppm_omp_partial 100 4096 3200 0.1 10 2 3.44331 0.344331
ppm_omp_partial 100 4096 6400 0.1 10 2 3.51209 0.351209
ppm_omp_partial 100 4096 12800 0.1 10 2 3.47032 0.347032
ppm_omp_partial 100 4096 800 0.1 10 3 2.90035 0.290035
ppm_omp_partial 100 4096 1600 0.1 10 3 3.05366 0.305366
ppm_omp_partial 100 4096 3200 0.1 10 3 3.05913 0.305913
ppm_omp_partial 100 4096 6400 0.1 10 3 2.9872 0.29872
ppm_omp_partial 100 4096 12800 0.1 10 3 2.97971 0.297971
ppm_omp_partial 100 4096 800 0.1 10 4 2.75294 0.275294
ppm_omp_partial 100 4096 1600 0.1 10 4 2.73379 0.273379
ppm_omp_partial 100 4096 3200 0.1 10 4 2.75952 0.275952
ppm_omp_partial 100 4096 6400 0.1 10 4 2.76778 0.276778
ppm_omp_partial 100 4096 12800 0.1 10 4 2.81502 0.281502
ppm_omp_partial 100 4096 800 0.1 10 5 2.62102 0.262102
ppm_omp_partial 100 4096 1600 0.1 10 5 2.67873 0.267873
ppm_omp_partial 100 4096 3200 0.1 10 5 2.63506 0.263506
ppm_omp_partial 100 4096 6400 0.1 10 5 2.71744 0.271744
ppm_omp_partial 100 4096 12800 0.1 10 5 2.74404 0.274404
ppm_omp_partial 100 4096 800 0.1 10 6 2.61132 0.261132
ppm_omp_partial 100 4096 1600 0.1 10 6 2.61697 0.261697
ppm_omp_partial 100 4096 3200 0.1 10 6 2.63344 0.263344
ppm_omp_partial 100 4096 6400 0.1 10 6 2.63271 0.263271
ppm_omp_partial 100 4096 12800 0.1 10 6 2.66536 0.266536
ppm_omp_partial 100 4096 800 0.1 10 7 2.6292 0.26292
ppm_omp_partial 100 4096 1600 0.1 10 7 2.58016 0.258016
ppm_omp_partial 100 4096 3200 0.1 10 7 2.63352 0.263352
ppm_omp_partial 100 4096 6400 0.1 10 7 2.60377 0.260377
ppm_omp_partial 100 4096 12800 0.1 10 7 2.66105 0.266105
ppm_omp_partial 100 4096 800 0.1 10 8 2.58762 0.258762
ppm_omp_partial 100 4096 1600 0.1 10 8 2.59688 0.259688
ppm_omp_partial 100 4096 3200 0.1 10 8 2.58119 0.258119
ppm_omp_partial 100 4096 6400 0.1 10 8 2.60973 0.260973
ppm_omp_partial 100 4096 12800 0.1 10 8 2.63596 0.263596
ppm_omp_partial 100 4096 800 0.1 10 12 2.55401 0.255401
ppm_omp_partial 100 4096 1600 0.1 10 12 2.57438 0.257438
ppm_omp_partial 100 4096 3200 0.1 10 12 2.74191 0.274191
ppm_omp_partial 100 4096 6400 0.1 10 12 2.60197 0.260197
ppm_omp_partial 100 4096 12800 0.1 10 12 2.61962 0.261962
ppm_omp_partial 100 4096 800 0.1 10 16 2.65407 0.265407
ppm_omp_partial 100 4096 1600 0.1 10 16 2.66019 0.266019
ppm_omp_partial 100 4096 3200 0.1 10 16 2.68498 0.268498
ppm_omp_partial 100 4096 6400 0.1 10 16 2.66062 0.266062
ppm_omp_partial 100 4096 12800 0.1 10 16 2.57168 0.257168
ppm_omp_partial 100 4096 800 0.1 10 20 2.61613 0.261613
ppm_omp_partial 100 4096 1600 0.1 10 20 2.62886 0.262886
ppm_omp_partial 100 4096 3200 0.1 10 20 2.66722 0.266722
ppm_omp_partial 100 4096 6400 0.1 10 20 2.6784 0.26784
ppm_omp_partial 100 4096 12800 0.1 10 20 2.6574 0.26574
ppm_omp_partial 100 4096 800 0.1 10 24 2.8166 0.28166
ppm_omp_partial 100 4096 1600 0.1 10 24 2.65203 0.265203
ppm_omp_partial 100 4096 3200 0.1 10 24 2.79907 0.279907
ppm_omp_partial 100 4096 6400 0.1 10 24 2.72171 0.272171
ppm_omp_partial 100 4096 12800 0.1 10 24 2.72108 0.272108
