name L N N_p dt T num_threads total_time ave_time
ppm_omp 100 256 800 0.1 100 1 0.074693 0.00074693
ppm_omp 100 256 1600 0.1 100 1 0.078104 0.00078104
ppm_omp 100 256 3200 0.1 100 1 0.0779941 0.000779941
ppm_omp 100 256 6400 0.1 100 1 0.085536 0.00085536
ppm_omp 100 256 12800 0.1 100 1 0.09657 0.0009657
ppm_omp 100 352 800 0.1 100 2 0.184944 0.00184944
ppm_omp 100 352 1600 0.1 100 2 0.189182 0.00189182
ppm_omp 100 352 3200 0.1 100 2 0.18557 0.0018557
ppm_omp 100 352 6400 0.1 100 2 0.19911 0.0019911
ppm_omp 100 352 12800 0.1 100 2 0.205273 0.00205273
ppm_omp 100 424 800 0.1 100 3 0.430922 0.00430922
ppm_omp 100 424 1600 0.1 100 3 0.428914 0.00428914
ppm_omp 100 424 3200 0.1 100 3 0.46327 0.0046327
ppm_omp 100 424 6400 0.1 100 3 0.454575 0.00454575
ppm_omp 100 424 12800 0.1 100 3 0.46496 0.0046496
ppm_omp 100 485 800 0.1 100 4 0.830676 0.00830676
ppm_omp 100 485 1600 0.1 100 4 0.835528 0.00835528
ppm_omp 100 485 3200 0.1 100 4 0.850143 0.00850143
ppm_omp 100 485 6400 0.1 100 4 0.842259 0.00842259
ppm_omp 100 485 12800 0.1 100 4 0.86221 0.0086221
ppm_omp 100 538 800 0.1 100 5 0.565446 0.00565446
ppm_omp 100 538 1600 0.1 100 5 0.549073 0.00549073
ppm_omp 100 538 3200 0.1 100 5 0.565523 0.00565523
ppm_omp 100 538 6400 0.1 100 5 0.564853 0.00564853
ppm_omp 100 538 12800 0.1 100 5 0.562851 0.00562851
ppm_omp 100 585 800 0.1 100 6 0.432802 0.00432802
ppm_omp 100 585 1600 0.1 100 6 0.427223 0.00427223
ppm_omp 100 585 3200 0.1 100 6 0.413642 0.00413642
ppm_omp 100 585 6400 0.1 100 6 0.439047 0.00439047
ppm_omp 100 585 12800 0.1 100 6 0.467494 0.00467494
ppm_omp 100 628 800 0.1 100 7 0.595755 0.00595755
ppm_omp 100 628 1600 0.1 100 7 0.579502 0.00579502
ppm_omp 100 628 3200 0.1 100 7 0.594104 0.00594104
ppm_omp 100 628 6400 0.1 100 7 0.628553 0.00628553
ppm_omp 100 628 12800 0.1 100 7 0.634955 0.00634955
ppm_omp 100 669 800 0.1 100 8 1.51523 0.0151523
ppm_omp 100 669 1600 0.1 100 8 1.50378 0.0150378
ppm_omp 100 669 3200 0.1 100 8 1.50684 0.0150684
ppm_omp 100 669 6400 0.1 100 8 1.5096 0.015096
ppm_omp 100 669 12800 0.1 100 8 1.54195 0.0154195
ppm_omp 100 807 800 0.1 100 12 1.73055 0.0173055
ppm_omp 100 807 1600 0.1 100 12 1.9087 0.019087
ppm_omp 100 807 3200 0.1 100 12 1.72276 0.0172276
ppm_omp 100 807 6400 0.1 100 12 1.55577 0.0155577
ppm_omp 100 807 12800 0.1 100 12 1.99478 0.0199478
ppm_omp 100 923 800 0.1 100 16 1.67778 0.0167778
ppm_omp 100 923 1600 0.1 100 16 1.71696 0.0171696
ppm_omp 100 923 3200 0.1 100 16 1.73182 0.0173182
ppm_omp 100 923 6400 0.1 100 16 1.77924 0.0177924
ppm_omp 100 923 12800 0.1 100 16 1.7626 0.017626
ppm_omp 100 1024 800 0.1 100 20 1.20713 0.0120713
ppm_omp 100 1024 1600 0.1 100 20 1.38516 0.0138516
ppm_omp 100 1024 3200 0.1 100 20 1.37469 0.0137469
ppm_omp 100 1024 6400 0.1 100 20 1.35131 0.0135131
ppm_omp 100 1024 12800 0.1 100 20 1.32996 0.0132996
ppm_omp 100 1115 800 0.1 100 24 3.88661 0.0388661
ppm_omp 100 1115 1600 0.1 100 24 3.7191 0.037191
ppm_omp 100 1115 3200 0.1 100 24 2.54991 0.0254991
ppm_omp 100 1115 6400 0.1 100 24 3.66417 0.0366417
ppm_omp 100 1115 12800 0.1 100 24 2.56263 0.0256263
ppm_omp_full 100 256 800 0.1 100 1 0.127549 0.00127549
ppm_omp_full 100 256 1600 0.1 100 1 0.130203 0.00130203
ppm_omp_full 100 256 3200 0.1 100 1 0.136237 0.00136237
ppm_omp_full 100 256 6400 0.1 100 1 0.150421 0.00150421
ppm_omp_full 100 256 12800 0.1 100 1 0.183657 0.00183657
ppm_omp_full 100 352 800 0.1 100 2 0.26143 0.0026143
ppm_omp_full 100 352 1600 0.1 100 2 0.284329 0.00284329
ppm_omp_full 100 352 3200 0.1 100 2 0.330606 0.00330606
ppm_omp_full 100 352 6400 0.1 100 2 0.319939 0.00319939
ppm_omp_full 100 352 12800 0.1 100 2 0.400795 0.00400795
ppm_omp_full 100 424 800 0.1 100 3 1.03504 0.0103504
ppm_omp_full 100 424 1600 0.1 100 3 1.07159 0.0107159
ppm_omp_full 100 424 3200 0.1 100 3 1.13543 0.0113543
ppm_omp_full 100 424 6400 0.1 100 3 1.24981 0.0124981
ppm_omp_full 100 424 12800 0.1 100 3 1.47232 0.0147232
ppm_omp_full 100 485 800 0.1 100 4 2.30197 0.0230197
ppm_omp_full 100 485 1600 0.1 100 4 2.3537 0.023537
ppm_omp_full 100 485 3200 0.1 100 4 2.41517 0.0241517
ppm_omp_full 100 485 6400 0.1 100 4 2.53142 0.0253142
ppm_omp_full 100 485 12800 0.1 100 4 2.74261 0.0274261
ppm_omp_full 100 538 800 0.1 100 5 1.86672 0.0186672
ppm_omp_full 100 538 1600 0.1 100 5 1.90603 0.0190603
ppm_omp_full 100 538 3200 0.1 100 5 1.95931 0.0195931
ppm_omp_full 100 538 6400 0.1 100 5 2.04903 0.0204903
ppm_omp_full 100 538 12800 0.1 100 5 2.25102 0.0225102
ppm_omp_full 100 585 800 0.1 100 6 1.10037 0.0110037
ppm_omp_full 100 585 1600 0.1 100 6 1.11277 0.0111277
ppm_omp_full 100 585 3200 0.1 100 6 1.1076 0.011076
ppm_omp_full 100 585 6400 0.1 100 6 1.24786 0.0124786
ppm_omp_full 100 585 12800 0.1 100 6 1.44879 0.0144879
ppm_omp_full 100 628 800 0.1 100 7 2.1705 0.021705
ppm_omp_full 100 628 1600 0.1 100 7 2.22966 0.0222966
ppm_omp_full 100 628 3200 0.1 100 7 2.28206 0.0228206
ppm_omp_full 100 628 6400 0.1 100 7 2.3319 0.023319
ppm_omp_full 100 628 12800 0.1 100 7 2.79729 0.0279729
ppm_omp_full 100 669 800 0.1 100 8 7.33928 0.0733928
ppm_omp_full 100 669 1600 0.1 100 8 7.26661 0.0726661
ppm_omp_full 100 669 3200 0.1 100 8 7.4174 0.074174
ppm_omp_full 100 669 6400 0.1 100 8 7.52425 0.0752425
ppm_omp_full 100 669 12800 0.1 100 8 7.76878 0.0776878
ppm_omp_full 100 807 800 0.1 100 12 11.2889 0.112889
ppm_omp_full 100 807 1600 0.1 100 12 11.2865 0.112865
ppm_omp_full 100 807 3200 0.1 100 12 11.2373 0.112373
ppm_omp_full 100 807 6400 0.1 100 12 11.544 0.11544
ppm_omp_full 100 807 12800 0.1 100 12 11.5891 0.115891
ppm_omp_full 100 923 800 0.1 100 16 9.63792 0.0963792
ppm_omp_full 100 923 1600 0.1 100 16 11.4257 0.114257
ppm_omp_full 100 923 3200 0.1 100 16 11.8785 0.118785
ppm_omp_full 100 923 6400 0.1 100 16 11.7111 0.117111
ppm_omp_full 100 923 12800 0.1 100 16 14.1119 0.141119
ppm_omp_full 100 1024 800 0.1 100 20 3.02869 0.0302869
ppm_omp_full 100 1024 1600 0.1 100 20 2.80406 0.0280406
ppm_omp_full 100 1024 3200 0.1 100 20 2.64177 0.0264177
ppm_omp_full 100 1024 6400 0.1 100 20 2.69431 0.0269431
ppm_omp_full 100 1024 12800 0.1 100 20 2.88748 0.0288748
ppm_omp_full 100 1115 800 0.1 100 24 29.1403 0.291403
ppm_omp_full 100 1115 1600 0.1 100 24 30.1281 0.301281
ppm_omp_full 100 1115 3200 0.1 100 24 29.0928 0.290928
ppm_omp_full 100 1115 6400 0.1 100 24 29.5566 0.295566
ppm_omp_full 100 1115 12800 0.1 100 24 29.2898 0.292898
ppm_omp_partial 100 256 800 0.1 100 1 0.07974 0.0007974
ppm_omp_partial 100 256 1600 0.1 100 1 0.0805702 0.000805702
ppm_omp_partial 100 256 3200 0.1 100 1 0.0880151 0.000880151
ppm_omp_partial 100 256 6400 0.1 100 1 0.101929 0.00101929
ppm_omp_partial 100 256 12800 0.1 100 1 0.135025 0.00135025
ppm_omp_partial 100 352 800 0.1 100 2 0.213583 0.00213583
ppm_omp_partial 100 352 1600 0.1 100 2 0.251869 0.00251869
ppm_omp_partial 100 352 3200 0.1 100 2 0.313297 0.00313297
ppm_omp_partial 100 352 6400 0.1 100 2 0.440241 0.00440241
ppm_omp_partial 100 352 12800 0.1 100 2 0.692681 0.00692681
ppm_omp_partial 100 424 800 0.1 100 3 0.47769 0.0047769
ppm_omp_partial 100 424 1600 0.1 100 3 0.518744 0.00518744
ppm_omp_partial 100 424 3200 0.1 100 3 0.591839 0.00591839
ppm_omp_partial 100 424 6400 0.1 100 3 0.691884 0.00691884
ppm_omp_partial 100 424 12800 0.1 100 3 0.969739 0.00969739
ppm_omp_partial 100 485 800 0.1 100 4 0.860464 0.00860464
ppm_omp_partial 100 485 1600 0.1 100 4 0.896577 0.00896577
ppm_omp_partial 100 485 3200 0.1 100 4 0.948597 0.00948597
ppm_omp_partial 100 485 6400 0.1 100 4 1.08614 0.0108614
ppm_omp_partial 100 485 12800 0.1 100 4 1.31634 0.0131634
ppm_omp_partial 100 538 800 0.1 100 5 0.591799 0.00591799
ppm_omp_partial 100 538 1600 0.1 100 5 0.6136 0.006136
ppm_omp_partial 100 538 3200 0.1 100 5 0.687 0.00687
ppm_omp_partial 100 538 6400 0.1 100 5 0.788525 0.00788525
ppm_omp_partial 100 538 12800 0.1 100 5 1.16594 0.0116594
ppm_omp_partial 100 585 800 0.1 100 6 0.46078 0.0046078
ppm_omp_partial 100 585 1600 0.1 100 6 0.482415 0.00482415
ppm_omp_partial 100 585 3200 0.1 100 6 0.552129 0.00552129
ppm_omp_partial 100 585 6400 0.1 100 6 0.665427 0.00665427
ppm_omp_partial 100 585 12800 0.1 100 6 0.880262 0.00880262
ppm_omp_partial 100 628 800 0.1 100 7 0.61984 0.0061984
ppm_omp_partial 100 628 1600 0.1 100 7 0.649021 0.00649021
ppm_omp_partial 100 628 3200 0.1 100 7 0.731457 0.00731457
ppm_omp_partial 100 628 6400 0.1 100 7 0.853964 0.00853964
ppm_omp_partial 100 628 12800 0.1 100 7 1.04851 0.0104851
ppm_omp_partial 100 669 800 0.1 100 8 1.35849 0.0135849
ppm_omp_partial 100 669 1600 0.1 100 8 1.57279 0.0157279
ppm_omp_partial 100 669 3200 0.1 100 8 1.63434 0.0163434
ppm_omp_partial 100 669 6400 0.1 100 8 1.74537 0.0174537
ppm_omp_partial 100 669 12800 0.1 100 8 1.948 0.01948
ppm_omp_partial 100 807 800 0.1 100 12 1.79124 0.0179124
ppm_omp_partial 100 807 1600 0.1 100 12 1.60576 0.0160576
ppm_omp_partial 100 807 3200 0.1 100 12 2.03718 0.0203718
ppm_omp_partial 100 807 6400 0.1 100 12 1.84473 0.0184473
ppm_omp_partial 100 807 12800 0.1 100 12 1.97706 0.0197706
ppm_omp_partial 100 923 800 0.1 100 16 1.74916 0.0174916
ppm_omp_partial 100 923 1600 0.1 100 16 1.80705 0.0180705
ppm_omp_partial 100 923 3200 0.1 100 16 1.87952 0.0187952
ppm_omp_partial 100 923 6400 0.1 100 16 1.98291 0.0198291
ppm_omp_partial 100 923 12800 0.1 100 16 2.17803 0.0217803
ppm_omp_partial 100 1024 800 0.1 100 20 1.315 0.01315
ppm_omp_partial 100 1024 1600 0.1 100 20 1.20772 0.0120772
ppm_omp_partial 100 1024 3200 0.1 100 20 1.41188 0.0141188
ppm_omp_partial 100 1024 6400 0.1 100 20 1.57776 0.0157776
ppm_omp_partial 100 1024 12800 0.1 100 20 1.73351 0.0173351
ppm_omp_partial 100 1115 800 0.1 100 24 2.48863 0.0248863
ppm_omp_partial 100 1115 1600 0.1 100 24 2.50505 0.0250505
ppm_omp_partial 100 1115 3200 0.1 100 24 4.06721 0.0406721
ppm_omp_partial 100 1115 6400 0.1 100 24 3.73699 0.0373699
ppm_omp_partial 100 1115 12800 0.1 100 24 4.37282 0.0437282
